Tipo de Op;Precio;Media;RSI;Balance
1;120.421;120.1883333333332;57.03955779169017;100000
0;119.299;120.0518;42.08461619607352;99071.45228176318
1;119.818;119.5470666666667;52.89824443865702;98618.47639461195
0;118.376;119.3452;38.34447217807145;97407.19753549354
0;116.138;117.8794;34.7900869152335;97816.1887047667
1;117.657;117.2957333333333;50.03015751260564;96567.61723297888
0;117.454;117.5610666666666;46.3240635402171;96406.90293738684
1;118.801;117.7814333333333;57.76785067230069;95266.87146559903
0;117.334;117.9646;43.98004061282055;94019.20260648063
1;118.459;118.0168666666667;55.90523515716909;93041.81524754158
0;117.381;117.9157333333333;43.31303314596195;92123.45638842318
1;117.713;117.4480666666667;52.12742732517082;91824.14608590852
0;118.906;118.9975666666667;49.98572213077672;92921.09293119806
1;119.222;119.1066333333333;55.44722834157966;92640.75851583463
0;118.406;118.8025666666667;43.23055367411716;91962.01422024259
1;119.341;118.8747333333333;56.45071668474484;91174.83274845479
0;118.811;118.9398333333333;48.19486936990908;90736.60845286274
1;119.749;119.0737;59.84266327914829;89947.10698107493
1;120.237;119.6931;61.47917434969717;89746.4804037197
0;120.813;121.0212333333333;49.97836995325331;90501.62838989083
1;121.096;121.0735333333333;51.80935832441826;90307.41661558837
0;119.575;120.6085666666666;35.63644299263964;89041.43889735156
1;119.644;119.3939666666667;50.00622732439134;89201.09006662472
0;119.581;119.7355666666667;47.39084057845471;89163.87691191427
1;120.069;119.55;57.95689602449705;88748.36396833866
0;119.779;120.1043666666667;46.34569697347521;88527.5808136282
1;119.371;119.2656333333334;50.02406752882526;88936.11051111354
0;119.431;119.4523333333333;47.87463626205798;88998.46735640308
1;119.165;119.1028333333333;50.00343782871202;89218.90852567623
0;119.695;119.7256;49.49125523013821;89680.31308920259
1;120.088;119.8781;57.58209251191477;89329.07720205137
0;119.488;119.7878;42.96436091833244;88767.35062469613
1;119.939;119.6438333333333;57.02768995078613;88369.00473754491
1;121.462;120.5040666666667;65.41915663601151;89201.49272371604
1;124.396;123.5029333333333;69.95485482831296;90953.79070988718
0;123.802;124.2138;49.96932648005351;90474.23299165037
1;124.836;124.3679;60.58400760007639;89641.37151986256
0;124.166;124.6428666666667;46.35971358585963;89108.49380162574
1;123.706;123.4857333333333;50.07097771849773;89444.36349911109
0;122.932;123.494;40.19732927936869;88822.52806263744
1;123.845;123.2370333333333;58.5153102573001;88070.00364727402
0;122.742;123.6129333333333;38.11344067665208;87181.00049256356
1;123.697;122.9999333333333;58.61631980588743;86383.70313362453
0;121.987;122.7723666666666;36.18834548363456;84983.73541538771
1;122.222;122.0323333333333;51.37193827838053;84760.04658466086
0;123.784;124.0013666666667;49.99067247165636;86405.53685259516
1;124.197;124.0737333333333;56.48651518379764;86052.32096544393
0;123.601;124.0182;45.15353986421841;85572.68210632552
1;123.716;123.6955666666667;50.78863247798164;85477.34769096209
0;123.714;123.7348333333334;47.57343875627247;85576.37225448845
1;124.345;123.9842666666666;58.1622527605942;85057.36931091284
0;124.59;124.7186;49.98691797548019;85275.14843796556
1;124.428;124.3497666666667;50.15666924736184;85368.54813545091
0;123.806;124.3414666666667;37.03752219587526;84866.95813545091
1;121.087;120.5113666666666;50.01243481010004;87898.17930472406
0;119.597;120.4690333333333;37.89483075815475;86658.40272736884
1;119.904;119.6970333333333;50.01738693284619;86558.13242485419
0;120.257;120.2788666666667;48.87692192494934;87032.61927014374
1;120.701;120.4354;54.33286786859446;86654.84632656812
0;119.732;120.3923666666667;42.7605458159892;85853.34089009448
1;120.599;120.2126;54.29829426323829;85129.87941830666
0;119.315;119.9976666666667;40.34182300382891;84063.28512271462
1;120.62;120.0839;55.44167183816563;82976.8236509268
0;119.597;120.1442666666667;42.74992571128244;82125.77593268998
1;120.249;119.8924;52.98390090569871;81552.16710196313
0;119.949;120.1228333333333;46.6188085293126;81315.08508813426
1;119.464;119.4439666666667;50.08181689116184;82108.29625740742
0;120.359;120.4467;49.97432331659203;83249.46538446014
1;120.969;120.618;59.98365306263243;82739.01391267234
0;122.561;122.9550333333333;49.99803862363348;84389.0198850146
1;122.984;122.9161666666667;56.07582541988894;84035.13694143898
0;123.052;123.0836333333333;49.98456120438329;84125.09264584693
1;122.74;122.6852;50.00332249690985;84357.56087154447
0;122.959;122.9794333333333;49.0128639968008;84574.51771683402
1;123.344;123.0742333333333;56.63092475352433;84252.44477325839
0;122.555;123.048;40.64373595736588;83612.95705502157
1;121.774;121.5045666666666;50.40194272767699;84222.90822429473
0;121.614;121.6351333333333;44.98119261377012;84233.25392870269
0;120.193;120.4654;35.49534388725358;85016.98921082461
0;117.355;118.6101;32.37904103370784;86303.51743652215
1;118.351;117.9066666666667;50.55507145191918;85446.67302115873
0;117.085;117.7436666666667;38.16449314689195;84376.68758468509
1;118.015;117.6504333333333;53.5873745876423;83577.06464110948
0;116.579;117.5089;37.04014488209396;82349.62578199107
1;117.924;117.273;54.90417355698646;81186.73989483983
0;119.737;119.9252333333333;49.99517425386399;83243.43016277415
0;116.326;118.3851;31.96817246713375;85142.09280383511
1;114.521;113.7435;50.00229620297434;87823.25397310827
0;113.418;113.4598666666666;41.43368824819107;86855.11625487145
1;112.774;112.4932333333333;50.00637353276281;87845.54153699338
0;112.548;112.5734333333333;46.53545783458041;87746.94381875655
1;113.853;112.6853666666667;57.41368978926273;86599.86381875655
0;113.256;113.5059666666667;48.40318776761039;86083.2195231645
1;113.615;113.3334;54.57827346829805;85735.89069243765
0;113.162;113.3316;46.57075565499262;85342.57411508242
1;112.252;112.0775666666667;50.02298239549512;86347.88381256777
0;112.951;112.9976333333333;49.99910732765628;87181.76179873891
0;107.866;109.6283666666667;24.38476168105734;90930.65413728522
1;109.202;108.6028333333333;50.01016158756688;89925.87119370961
0;108.738;108.7673666666667;42.96505268683532;89507.04575723597
1;109.315;109.0025;53.52676885387464;88969.38281366036
1;111.772;110.8405333333333;66.22018262054543;90304.90079983149
0;110.623;110.8690666666667;49.8474456761941;89310.9707998315
1;107.374;106.7412;50.00488498066512;92684.16491268027
1;109.313;108.1832666666667;62.48694156009931;93666.11719444345
0;108.73;108.8774;49.98821689229207;93216.35175796981
1;109.626;108.9735666666666;59.57596626799086;92399.93175796981
0;109.519;109.6371666666667;49.98993295267184;92352.96746237777
1;110.204;109.8718333333333;58.97844661073902;91719.74451880215
0;109.51;109.8046666666667;46.44740543216832;91094.81908232851
1;110.445;109.8000333333333;59.7612299967362;90249.13908232852
0;110.283;110.3903666666667;49.16654265931652;90110.1925049733
0;106.51;107.4286666666667;33.90513718426259;92280.80367424645
1;104.915;104.3858666666667;50.03057587999083;94147.60895636836
0;104.178;104.5560333333333;43.77327225498091;93473.80009724996
1;101.484;101.2491333333333;50.00547892194894;96286.09802043284
1;106.233;104.9398666666667;65.03433136821887;99833.44486572238
0;105.521;105.9783;49.99114146800665;99470.83057013033
1;106.52;105.8915666666667;57.71392186337773;98513.3546829791
0;104.232;105.3577;40.1962295100747;96340.89924650546
1;102.163;101.5420333333334;50.00186033366947;98883.74894399081
0;101.466;101.6685;40.72112227992838;98206.25122575399
1;102.092;101.7519333333334;53.21652841492633;97572.56533860276
0;100.996;101.8027333333334;40.78740683094336;96488.37533860275
1;100.723;100.4835333333333;50.35332649469912;96738.3535643003
0;100.294;100.3679333333334;46.6793748202672;96322.06040958985
1;100.943;100.3908666666667;57.37949641659105;95680.11040958985
1;104.004;102.8864666666667;67.78105183235195;97893.52839576098
0;102.949;103.3959666666667;49.7887762355488;96875.17067752416
1;102.887;102.5669333333333;55.50333209974863;96909.54331858513
0;101.961;102.3282;44.44985252726363;96016.51130475626
1;102.615;102.1243;58.09685905385476;95366.93688939283
0;100.995;102.0282;38.05995793940006;93766.91688939283
1;100.902;100.6612666666667;50.02293872897309;93913.82658687817
1;103.812;103.2621;63.52654990929191;96583.6857139309
0;103.396;103.6497333333333;49.59469232366461;96186.37027745726
1;104.122;103.8718;56.81712662947003;95447.0885031548
0;104.5;104.5394;49.99118462495399;96159.28648932592
1;103.964;103.7924666666666;52.61726160448291;96613.51471502347
0;103.395;103.7414333333333;42.6151988988623;96071.54699678665
1;105.401;103.7789;57.64150795059063;94169.26699678665
1;109.725;108.2024;70.35455247774183;97343.68840560256
1;112.013;110.4821666666667;72.70934236415617;98389.64296912892
0;111.566;111.9884333333333;49.99340274766361;98265.14867353688
1;113.274;112.7240666666667;59.54160732239684;96747.42572996127
0;113.446;113.9030333333333;48.64265886490039;96919.08713877716
1;114.709;113.9476333333333;59.31689168876596;95811.80566698936
1;117.818;117.6555333333334;58.22394574568742;97958.67479404208
0;116.844;117.3801;42.86032109664546;97139.86278021321
