Tipo de Op;Precio;Media;RSI;Balance
1;120.421;119.5435666666665;62.52841451016589;100000
0;119.808;119.837;46.88833667179503;99616.53999999999
1;120.66;120.2082666666666;59.80821694148353;98907.51852821218
0;119.874;120.3729333333333;42.4141837559655;98255.18852821218
1;119.109;118.9303;50.0092697830021;99219.03558463657
0;118.845;118.9321;44.80085534167674;98995.21558463656
1;119.623;119.0943;57.27810848149773;98330.38116927314
0;119.536;119.6189;49.89839319925413;98288.63231015473
1;119.73;119.5559;55.6938258591673;98131.60231015473
0;119.157;119.5306333333334;43.47346731539687;97655.78231015473
1;118.839;118.7724333333333;50.00427666591214;97927.28083836692
0;118.225;118.6759;39.27486252361747;97409.63083836692
1;118.759;118.4463666666667;53.58921315015108;96955.44936657912
0;117.852;118.3737666666667;40.13431047160331;96186.69936657912
1;117.456;117.2346333333333;50.01072648570814;96957.76789479132
0;117.149;117.2121333333333;43.24376691452948;96697.41789479132
1;116.756;116.6184;50.01231990542528;97079.37642300352
1;118.526;117.762;67.75210658494458;98159.72870476669
0;118.197;118.3573333333334;49.95434128522842;97955.17984564828
1;118.003;117.9729;51.40012640250244;98106.01543028485
0;117.42;117.8172333333334;40.09647220573731;97613.78543028486
1;118.313;117.8801;57.10648380189496;96864.04543028485
0;118.124;118.169;48.75493729223225;96709.17657116645
1;118.009;117.9565333333333;52.00201125465482;96803.79509937864
0;118.121;118.1488333333334;47.96137504714847;96905.42624026023
1;118.05;118.0282;51.70558503320986;97047.57476847242
0;117.612;117.8290333333333;42.53233689076603;96681.99476847242
1;118.012;117.7738666666667;54.73552763810242;96328.620353109
0;117.865;118.0134666666666;45.8220488435897;96209.04149399059
1;117.737;117.7137;50.77609630290567;96529.68002220278
0;117.231;117.5476666666667;39.99711923901142;96099.77002220278
1;117.541;117.3963666666667;52.11040886383753;95833.20855041497
0;117.249;117.5130666666667;42.17947302269575;95588.46969129656
1;117.539;117.3565666666667;54.02598196755351;95327.32527593314
0;118.454;118.8075;49.97325279594606;96208.69755769632
1;118.769;118.6220666666667;57.35490920166015;95940.6260859085
1;120.38;120.0317333333333;65.32040568197485;97150.43064943486
0;119.868;120.0401666666667;49.73524714987589;96815.37064943486
1;118.627;118.5128666666667;50.11103062407909;97906.75623407144
1;119.382;119.0635666666667;64.52127426731684;98251.25737495303
0;118.892;119.1685333333333;44.44168549499408;97852.62737495302
1;119.093;118.9374333333333;56.56462349740183;97666.9029595896
0;118.669;118.8833;40.60371814778224;97313.04410047119
1;118.965;118.8434666666667;53.73689566661897;97065.90410047119
0;118.855;118.9889333333333;46.57620794950946;96974.25524135279
1;119.267;119.0053333333333;60.91804469775905;96625.11376956498
0;119.041;119.1066;47.08502188382137;96438.63376956499
1;119.08;118.9821333333333;55.04944662427501;96401.35229777718
0;118.75;118.8567333333334;43.46278527025402;96132.05572042195
1;119.095;118.8738;57.13785595848074;95845.71572042195
1;119.97;119.5787;68.38369092159681;96391.18800218514
1;119.963;119.7087333333333;65.0985879384925;96202.44800218513
0;119.827;119.9206;49.90565534389513;96111.57914306673
1;119.75;119.7033;51.23413240186102;96168.83767127892
0;119.948;119.9702;49.78994650582293;96474.70223480529
1;120.219;120.0828666666667;59.15190674256508;96245.96223480528
0;121.255;121.3377666666667;49.96824510057326;97324.93451656846
1;121.468;121.3725666666667;55.77348910653075;97145.03304478066
0;121.236;121.4312333333333;45.23803551265174;96961.37646742543
1;121.381;121.3404666666667;52.19166253424703;96841.09646742544
0;121.167;121.3268666666667;43.36416893304243;96667.87760830703
1;121.403;121.3137666666667;52.74831888923981;96468.93613651922
0;121.234;121.3273666666666;44.97269139230271;96330.4472774008
1;121.386;121.3374666666667;52.54092826850786;96199.03580561299
0;121.151;121.3126666666666;38.33563319280094;96006.71580561298
1;120.778;120.7450666666667;50.02623134349317;96587.62139024957
0;120.659;120.6815;46.42941823369952;96492.39253113116
1;121.042;120.7548;57.8262651656447;96180.09253113116
0;120.688;120.8111666666667;46.36756079401331;95889.26253113116
0;119.581;119.8209;36.02325525443013;96602.09958755554
1;119.801;119.6688333333333;50.01044950375433;96467.63958755553
0;119.472;119.6238;40.39290993659931;96194.84072843712
1;119.26;119.2326333333333;50.00154389936993;96387.5763130737
0;118.942;119.1397666666667;41.92601457390376;96124.4874539553
1;119.42;119.222;56.6286969084379;95719.68598216749
0;119.858;119.9964333333333;49.98296737384278;96164.93712304908
1;120.141;120.0553;57.62479120793252;95930.20712304908
0;119.782;120.0324666666667;45.89089996328363;95634.74826393067
1;120.061;119.9362666666667;55.85814793807715;95404.02826393067
0;119.46;119.8954;39.93581872695815;94902.61826393066
1;119.277;118.9975666666666;53.92946889886075;95030.86090499163
0;119.907;120.0051333333334;49.98748374428031;95692.31318675481
1;120.1;120.056;56.03247230571864;95532.44318675481
0;119.883;120.0367;44.38703926460504;95355.81660939958
1;120.389;120.087;59.24834316412547;94936.33660939959
0;120.314;120.3780333333333;49.16101954469855;94878.23775028117
1;120.53;120.3254333333333;57.92810154626698;94692.82627849336
0;120.116;120.3371;43.006956492864;94358.18627849336
1;119.739;119.62;50.05694568475377;94744.46333491775
0;119.298;119.4913666666667;40.14344981140665;94376.48333491775
1;119.369;119.3197;50.01300969620719;94331.03891955432
0;119.012;119.1608;43.33183110326038;94032.75891955433
1;119.133;119.0118;51.82587601799844;93924.97744776652
0;118.672;118.9051666666667;41.14301785210075;93539.94858864811
1;119.166;118.891;56.07579849969234;93128.74858864812
0;119.465;119.5438333333334;49.98550316471846;93518.43087041129
1;119.733;119.5716333333333;57.76704178376352;93295.43087041129
0;119.789;119.8488333333333;49.71559918767245;93349.07429305607
1;119.236;119.1629;50.04907325040457;94001.36134948044
0;118.997;119.0846666666667;42.7899875502078;93801.36134948044
1;119.016;118.9187;52.30664033086117;93776.33840590483
0;118.834;118.9423333333333;43.4556020282594;93624.02840590483
1;119.071;118.9460333333333;52.98781302031702;93410.5539905414
1;120.256;120.0450666666667;63.13069801333167;94253.48627230458
0;120.049;120.1263;49.99071088633683;94102.81741318617
1;120.278;120.1325;59.79230781315184;93911.59741318617
0;120.092;120.1676333333333;49.20710630323187;93735.85741318617
0;119.256;119.5336666666667;36.32618840031128;94169.42152603494
1;119.575;119.4398;50.98063378141124;93910.98152603494
0;119.677;119.7128333333333;46.97093659316246;94043.85266691653
1;120.203;119.7297;66.53733744462733;93597.97266691652
1;120.203;119.7297;66.53733744462733;93573.01266691652
0;119.688;119.725;47.19759668719846;93543.88266691651
1;120.005;119.8537666666667;57.1707234502408;93273.52119512871
0;119.937;120.0307666666667;46.23128619941114;93217.73233601029
1;119.298;119.167;50.02298468451724;93784.99644885906
0;119.324;119.3463;47.05240283985265;93979.08644885906
1;119.79;119.5761333333333;58.98072678137071;93585.53497707125
1;121.077;120.7192333333333;68.56542969806722;94484.99725883442
0;120.918;121.0723333333333;49.98672675051457;94423.2806814792
1;121.045;120.9567666666667;54.49646902505712;94313.81920969138
1;121.756;121.5637666666667;66.39421538455304;94644.93035057298
1;123.276;122.8811333333334;68.1015993173072;95644.37149145457
1;124.077;123.4486;71.49837889513688;95869.75491409934
0;123.675;123.8793666666667;49.97347270331633;95611.18491409933
1;124.125;123.9218;58.21560829685897;95244.07344231152
0;123.998;124.0371333333333;49.9938993969312;95148.23458319312
1;124.348;124.061;58.81032915353019;94868.37458319312
0;124.454;124.5763;49.00450696623677;94956.89572407471
1;124.597;124.2276;58.64472530735885;94833.5442522869
0;123.915;124.2689;40.81323075919119;94285.95767493166
1;124.639;124.3178;58.55955395148673;93706.67767493166
0;125.111;125.1907333333333;49.99681065331592;94286.88995669484
1;124.533;124.3855;50.00790511896616;94814.26848490704
0;123.954;124.3613;37.28732922501533;94351.20848490704
1;123.478;122.9976;52.97332008632922;94719.77406954362
0;123.327;123.4239333333333;46.38477410785407;94600.69521042521
1;123.652;123.4795;55.77902581750429;94334.10373863741
0;123.413;123.4806;46.75507872714566;94142.994879519
1;123.665;123.4659;61.10270181487689;93935.46340773119
0;123.622;123.6424333333333;47.47873899258765;93932.2334077312
1;123.116;122.9500666666666;50.01392624697613;94332.00899236777
0;122.651;122.9295;37.85952673499487;93953.69899236778
1;123.126;122.8599666666667;56.1844802813899;93563.35752057997
0;123.728;123.8451666666667;49.99194288952232;94091.04866146157
1;124.094;123.8857333333333;60.73355943321362;93796.91866146156
0;123.797;123.9238333333333;48.4529289665783;93563.04208410633
1;123.59;123.5395666666667;50.15132396323718;93724.35061231852
0;122.742;123.5746;30.07939485244205;93034.39175320011
1;122.535;122.3731666666667;50.1564870423941;93191.75880962449
0;123.09;123.1894;49.37449805782227;93909.22223226925
1;122.752;122.6979333333333;50.00760627301815;94313.71928869364
0;122.519;122.6072;45.02155602249234;94124.47042957523
1;122.637;122.5346666666667;52.10033816480458;94027.44042957523
0;122.031;122.5111333333333;36.91421817717702;93534.23157045682
1;121.459;121.2847666666667;50.00917694118299;94372.6871550934
1;122.847;122.4364;65.97841497411198;95067.87943685659
0;123.182;123.4274;49.98206337113588;95440.25057773817
1;123.49;123.3881;57.6701906009072;95187.07910595037
0;123.954;124.0236333333333;49.98583055595464;95656.70366947673
1;124.146;124.0727;57.96434434149936;95503.11219768893
1;124.385;124.2115666666667;63.21483985378703;95547.52333857052
0;124.269;124.3129666666667;49.98660584415779;95455.79333857053
1;123.949;123.9037666666667;50.00651669083787;95726.39186678272
0;123.736;123.9023;39.4671745236159;95560.2852894275
1;124.139;123.9438;57.06468567129947;95236.4552894275
0;123.783;123.8996333333334;44.32055622622909;94951.40643030909
1;123.441;123.3565;50.0265436665596;95336.46348673347
0;123.5;123.5203;47.83611303238623;95423.07348673347
1;123.682;123.5564;55.84998796722903;95276.73348673347
0;124.06;124.1538666666667;49.97708184154018;95774.33690937824
1;124.306;124.1764;59.62469856510264;95575.63690937824
0;123.937;124.1861666666667;44.28508640872203;95278.71690937824
1;124.144;124.0090666666667;53.80918650300715;95107.40543759044
0;123.914;124.0131333333333;45.83013581882236;94924.34657847203
1;124.139;123.9883333333333;54.64170948955044;94742.29657847203
0;124.037;124.2072;43.1457301364841;94660.99771935362
1;124.488;124.2355333333333;59.86411745872676;94297.91771935362
0;124.613;124.7527333333333;44.01385487367158;94406.79228287998
1;125.031;124.766;64.03272919587788;94073.27228287997
1;125.03;124.7659666666666;63.99906509504062;94038.07228287998
1;125.03;124.7659666666666;63.99906509504062;94020.47228287997
1;125.03;124.7659666666666;63.99906509504062;94002.87228287997
1;125.03;124.7659666666666;63.99906509504062;93985.27228287996
1;125.03;124.7659666666666;63.99906509504062;93967.67228287995
1;125.03;124.7659666666666;63.99906509504062;93950.07228287995
1;125.031;124.766;64.03272919587788;93932.47228287994
1;125.03;124.7659666666666;63.99906509504062;93914.07228287995
0;124.71;124.7559666666666;49.94381687771028;93896.47228287994
1;125.031;124.766;64.03272919587788;93640.53228287994
0;124.305;124.7453;37.38833548864397;93057.29228287993
1;124.763;124.4847;58.90891810116374;92686.42081109213
0;124.891;124.9523666666667;49.1815209488142;92791.59309285531
1;124.477;124.4567666666667;50.1449968849997;93216.99867749189
0;124.258;124.2783;43.66085917676371;93043.97867749189
1;124.368;124.3215;50.80424962727063;92943.98573391627
0;124.34;124.4129;46.30683736293625;92924.01687479786
1;124.42;124.3320666666666;54.16643173922805;92855.14540301006
0;124.097;124.3271;35.84857233185846;92594.05540301006
1;124.12;124.0823;50.06408462340406;92578.75098764664
0;123.715;123.9897666666667;35.40438820362964;92252.20098764663
1;120.048;119.4250333333333;50.0032382157045;96168.70804407101
0;118.753;119.3156666666667;39.93718727041506;95079.90804407101
1;119.926;119.4764;53.76757687691482;94098.08657228319
1;121.215;120.881;60.13094983650436;94935.28113580955
0;120.943;121.1049;49.45275632655498;94712.95227669114
1;120.295;120.2594666666667;50.02061221914824;95584.71933311553
0;120.049;120.2751;44.07731487848398;95386.6927557603
1;119.453;119.3280666666667;50.00289313300455;96008.83981218468
0;119;119.3126666666667;38.07444645796178;95630.75095306628
1;119.588;119.3196;56.41456882841204;95141.56095306628
0;120.335;120.4300333333333;49.96764200714469;95999.70209394787
1;120.765;120.5471333333333;58.88389762834537;95651.06209394787
0;120.472;120.6529666666667;45.17651445597664;95412.16437571104
1;120.355;120.3201333333333;50.00308108653213;95519.81290392323
0;119.927;120.2837666666667;40.70180510942831;95166.27290392324
1;120.288;120.0522;53.7516354579122;94866.99290392324
0;120.414;120.4445333333333;49.85677366731547;94979.4274674496
1;120.735;120.4729666666667;60.4613368207354;94714.37746744959
0;120.558;120.6981333333333;46.83235511106803;94571.71746744959
1;121.007;120.7124333333334;60.35251195633925;94201.48746744959
0;120.644;120.701;49.85765953858709;94180.82746744959
1;119.984;119.9032666666667;50.01906937182511;94732.23599566179
0;120.283;120.3176333333333;49.95785518309647;95027.40827742497
1;120.212;120.1903666666667;51.8715589140095;95111.07680563716
0;119.728;120.1419;40.41493922870984;94707.66680563716
1;120.284;120.0553666666667;54.6684853259833;94246.25680563715
0;119.921;120.1198666666667;44.26914089620917;93950.45022828193
1;120.048;119.9670666666666;52.52963708644332;93845.49022828192
0;120.428;120.5035333333333;49.96198371773691;94260.35136916352
1;119.981;119.9244;50.00795284483836;94878.29989737571
0;119.844;119.9142666666666;46.55550619440335;94766.56103825729
1;120.201;119.9509666666666;57.10720911373405;94452.61662289387
0;119.608;120.0181;39.57625139266812;93955.98662289386
1;120.073;119.9461333333334;54.94928672931066;93564.18515110605
0;119.615;119.9260666666667;39.69145137987713;93187.16515110605
1;120.058;119.8794666666666;53.54183436838417;92813.63367931824
0;120.249;120.2941666666667;49.97087745240366;93008.24482019983
0;119.774;120.1476666666667;37.61273463100737;93057.79334841203
1;120;119.9055666666667;51.56129417145495;92854.17893304861
0;120.103;120.1237;48.79986351683269;92962.55121481179
0;119.582;119.8128;36.87773778560637;93200.05974302397
0;118.659;119.1823666666667;33.15695561952985;93570.10532766055
1;118.947;118.7194;50.78133127325019;93323.44385587274
0;119.162;119.1871333333333;49.97318381819488;93531.57499675434
1;119.568;119.4135;57.1702932604458;93187.48352496653
0;119.839;119.9158333333333;49.96298511173813;93457.80466584812
1;119.89;119.8684;53.73612620070217;93416.93466584812
0;120.302;120.3224333333333;49.08309874390419;93914.16580672971
1;120.964;120.4632;65.23298536638885;93366.07580672971
0;120.876;120.9755333333333;49.99421745827112;93385.17694761131
1;120.499;120.3892333333333;50.00433669750704;93708.9440040357
0;120.282;120.3972666666667;42.96211766656813;93537.6940040357
1;120.619;120.4078333333334;54.06351269809561;93264.9140040357
1;120.612;120.4076;53.82826180050026;93240.0340040357
1;120.805;120.4140333333334;59.54104147706946;93217.6440040357
0;120.336;120.8940333333333;35.62509807948814;92840.70856756206
1;121.272;120.9161333333334;61.11980745967973;92070.52856756207
0;120.351;120.9077333333333;38.50499326082045;91304.42856756206
1;120.84;120.661;56.694204328293;90892.31562398645
1;121.716;121.3911333333333;65.16559352126438;91416.29018751282
1;121.945;121.7426333333333;60.7863617835916;91260.77018751281
1;123.345;123.2722;59.35364702224225;92393.5313283944
0;123.093;123.1991;48.73818176728131;92189.62132839439
1;123.198;123.1344666666667;53.45938783948272;92098.20985660658
0;122.79;123.0044;40.86472102608631;91771.97327925135
1;122.804;122.7798333333333;50.03502444770436;91806.52180746355
0;122.513;122.7535;40.10775590934413;91570.63180746355
1;122.806;122.725;51.13022064249227;91332.85180746355
0;122.235;122.6706666666667;33.9269672327744;90869.92294834513
1;122.876;122.6296333333333;56.20009280825748;90349.88294834514
1;123.433;123.2188666666667;63.46750197664544;90622.70408922673
0;123.27;123.3593;49.97159534175667;90499.52523010831
1;123.44;123.3531;57.86001934573775;90363.4252301083
0;123.346;123.4232333333333;47.51943062830752;90294.05865275307
1;122.948;122.8529333333333;50.07385620217222;90573.24718096526
0;122.946;122.9788;45.84851795393504;90572.43718096527
1;122.572;122.4811333333333;50.01209578762499;90974.13423738965
0;122.561;122.5816;46.3011335731542;91009.53766003442
1;122.682;122.6113666666667;54.08350902027318;90906.35618824662
0;122.51;122.5889333333334;43.62419244793453;90766.77618824661
1;122.672;122.5715666666667;54.30518563833198;90633.90618824662
0;122.953;122.9784;49.96875952314934;90955.1084700098
1;123.177;122.9794;58.82335864577691;90768.69699822199
0;123.263;123.3141;49.92239146005635;90965.96042086676
1;122.912;122.8836666666667;50.01736141654338;91265.74894907894
0;123.221;123.2996;49.23809482073385;91519.19123084213
0;122.742;123.0436;37.9313113240581;91618.30123084213
0;121.284;121.8200333333333;31.53458694873623;92490.71681547871
1;121.814;121.5582333333333;50.12398221620137;92051.0753436909
0;121.487;121.7083666666666;39.50407137103888;91782.7353436909
1;121.104;120.9464;50.00600702918427;92149.15387190309
0;120.673;120.9583666666667;40.37084900062976;91792.82387190309
1;121.175;120.9406333333333;53.31009633154672;91379.36387190309
0;121.629;121.7605333333333;49.99975207987353;91848.47501278468
1;122.103;121.7929;63.44445002365208;91464.35501278468
0;121.609;121.7771;49.10708530798172;91072.99501278468
0;121.603;121.7769;48.91158398435337;91037.64501278468
1;121.803;121.7829;55.39913898990925;90997.36501278468
1;121.803;121.7829;55.39913898990925;90853.48501278467
0;121.608;121.7770666666667;49.07439329495266;90709.60501278467
0;121.608;121.7770666666667;49.07439329495266;90674.25501278466
0;121.598;121.7767333333333;48.74985137471297;90639.72501278466
1;121.803;121.7829;55.39913898990925;90596.97501278466
0;122.347;122.5155;49.94972262593646;91196.44957631103
1;122.867;122.5410666666667;63.43040936276729;90781.32957631104
0;122.332;122.5461666666667;48.9343606628649;90351.37957631104
0;120.959;121.2107333333333;38.80120562660144;91256.68810452323
1;120.593;120.5081666666667;50.02342624661652;91673.72927379639
0;120.245;120.4042;37.05245533043296;91385.14927379639
1;120.534;120.3886666666667;55.85902400123263;91135.46633022078
0;120.406;120.4933333333333;43.56000937751897;91033.54975286555
1;120.435;120.4147333333333;51.47532559608584;91026.12680928994
0;120.002;120.3819666666667;27.82667572881303;90666.13680928994
1;119.637;119.4610333333333;50.03281444039242;91090.93533750213
0;118.959;119.2851;37.38695344691733;90519.29533750213
0;118.258;118.6339;38.70388524308126;90754.0094503509
1;118.189;117.9291333333333;52.04676032305504;90813.78797856309
0;117.55;117.9862666666667;39.31480920611443;90269.3379785631
1;118.01;117.6664;54.89021420013972;89875.01650677528
0;117.979;118.0094;49.9873828944092;89869.17878853847
1;117.96;117.9393;53.53917500765056;89996.51437317504
0;117.733;117.8327666666667;46.2103971436233;89807.99551405663
1;117.339;117.2075666666667;50.00981774092022;90163.20404226883
0;117.562;117.5825333333333;49.27299383341766;90473.35518315042
1;117.009;116.9865333333333;50.000551118159;91067.84371136261
0;116.519;116.8004;41.65733974123519;90653.39713400739
1;117.437;116.8211;57.31379240979349;89872.54713400739
1;118.327;117.6865;63.28709983349857;90241.63827488897
0;118.264;118.4532;49.99212215199915;90290.67941577056
1;118.342;118.3217666666667;52.20232513925867;90244.73794398275
0;118.114;118.2728666666667;43.94369078858407;90055.98908486434
1;118.577;118.3615666666666;57.85341290983555;89664.68908486434
0;118.638;118.7018333333333;49.97640985886829;89750.80250750911
1;118.986;118.7465666666667;56.99410817425105;89459.66103572131
0;118.497;118.7309333333333;44.82811634910914;89061.3910357213
1;118.775;118.7395333333333;52.0493125020655;89023.4310357213
0;120.505;120.9101;43.52816081463841;90463.35331748448
0;117.348;118.1546;33.36740098278361;92535.32743033324
0;116.503;116.9449333333333;33.48982989867574;92802.53595854544
1;117.329;116.9718;50.02864921354867;92764.78595854544
0;116.706;116.9941;39.4812403514546;92233.56709942703
0;114.413;115.0358;37.54492752876958;93344.13562763923
1;112.871;112.3894;50.01368935139356;94671.73121227582
1;114.743;114.0351;65.00278098494881;96042.793494039
0;114.14;114.3485333333333;49.98233141292211;95743.843494039
1;114.272;114.2513;54.09979913891964;95646.56202225119
0;113.657;114.1587333333333;42.9827145758183;95106.34202225119
1;114.297;113.9636333333333;55.18712644438718;94548.1420222512
0;113.801;113.9812333333333;45.64376772263874;94118.39544489597
0;112.721;113.1804;36.71138033282289;94788.01397310816
1;112.998;112.8071333333333;50.11627852158544;94538.39250132036
0;112.775;112.9059;44.85785424033771;94343.28364220195
1;112.243;112.0703666666667;50.01550766459491;94880.86217041414
0;111.67;111.9748;39.22655887590845;94369.54217041413
1;112.082;111.8443666666667;52.30124470105116;94002.84217041414
1;113.189;112.7602;59.94498503483344;94589.92673394049
0;113.192;113.2980666666667;49.98770173805601;94613.74787482207
1;112.857;112.8046333333333;50.51198917531079;94907.87640303427
0;113.753;113.8877666666667;49.96560908337976;95898.35754391586
1;114.1;113.9148333333333;57.3963762627253;95578.99312855244
0;113.485;113.8503;43.04883377253451;95037.95312855244
1;113.973;113.7706;56.07059760264717;94605.28165676464
0;113.292;113.6841333333333;39.29621096134703;94005.07165676463
1;114.192;113.6866;59.71694626336377;93217.79165676463
0;113.422;113.7532666666667;41.72284028487566;92539.76279764622
0;112.42;112.7303;36.61557845067441;93158.0498540706
1;112.786;112.6395;50.03849800694661;92898.09985407061
0;113.322;113.3428;49.54840666481716;93568.28327671537
1;113.793;113.4466;57.63550028612853;93150.75180492757
0;113.54;113.7095;47.48841559472774;92928.78294580916
1;113.981;113.7646;57.49451328178912;92539.13147402136
0;113.542;113.7495666666667;45.29726397198379;92153.37147402136
1;113.312;113.2895;50.01016910165907;92406.72000223356
0;113.183;113.3429333333333;42.99304501863256;92294.51000223355
1;111.666;111.3697;50.01616703518222;93821.60411508233
0;111.722;111.7426;48.48079335720823;94018.14639684551
1;112.099;111.8364333333333;58.47742895324903;93682.72639684551
0;112.333;112.4543666666667;49.99363945906601;93893.6675377271
1;112.865;112.5352;63.85451700681581;93424.9575377271
0;112.39;112.6267;45.94478398448333;93004.10753772709
1;112.963;112.6806333333333;60.81512145685328;92492.37606593929
0;113.242;113.3000333333333;49.98658730587353;92818.82720682088
1;113.587;113.4211333333333;60.16019847248826;92510.60573503307
0;113.35;113.4597666666666;47.34753703364932;92302.40573503307
1;112.675;112.4810333333333;50.00268401921425;93033.78984788184
0;112.167;112.3961666666667;39.66156397363131;92581.78984788184
1;112.429;112.3334666666667;51.73516109435506;92344.26837609403
0;111.83;112.3029333333333;38.29438458899865;91810.42837609403
0;110.274;110.9402666666667;30.32938057559933;92833.23543251841
1;108.962;108.7190666666667;50.02958524222119;94610.96954536719
0;108.467;108.4871666666667;42.48139055477041;94157.38954536719
1;108.36;108.2924333333333;50.014590786426;94372.84807357939
0;107.888;108.0394666666667;42.30656829479598;93936.16921446097
1;108.379;108.0341333333333;55.52789264694972;93484.04921446097
1;109.401;108.8004666666667;68.04591795671044;94081.05035534257
0;109.092;109.2192333333333;49.9572293818495;93889.36377798734
1;109.438;109.2866333333334;58.06915488742297;93572.29377798733
0;109.17;109.3595666666667;45.89949284708731;93329.46491886892
1;108.607;108.51;50.00595395484851;93968.50344708111
0;109.042;109.1162666666666;49.97589916492225;94437.6345879627
1;109.2;109.1274666666666;55.33026087094347;94293.8645879627
0;109.512;109.5936;49.99730335684627;94687.67801060747
1;109.602;109.5787666666667;54.07291702570808;94607.48653881966
0;110.877;111.2201666666667;49.98739342977633;96086.14767970126
1;111.108;111.0752666666667;53.29706674535447;95873.76620791345
0;111.089;111.1094;48.97627132910218;95867.40734879504
1;111.432;111.2423;58.26715985073776;95560.48734879504
0;111.08;111.3108333333333;44.4136431558961;95270.49077143981
0;106.293;106.4691666666667;33.04381862887014;99437.9378278642
1;106.361;106.2154333333333;50.04028721853008;99411.5978278642
0;106.489;106.5104666666667;46.69635463636169;99739.45896874579
1;107.208;106.901;59.09771921813317;99054.53455338237
0;107.045;107.1898;48.05395285968793;98905.87569426396
1;107.157;107.0647;54.05428733746025;98802.28569426396
1;108.618;107.8995;68.33906910558943;99864.82797602714
0;108.755;108.9442666666667;49.97477254219262;100384.9591169087
1;108.666;108.6451333333333;51.59329806445877;100509.7247015453
0;108.681;108.7017333333333;47.75325374032967;100530.8847015453
1;109.068;108.9293333333333;55.14179170464393;100173.4332297575
0;108.594;108.8913333333333;44.04942332086492;99737.87322975752
1;108.961;108.8340666666666;53.82440079605743;99394.77175796971
0;109.044;109.0657666666667;49.1667873665427;99577.9028988513
1;109.366;109.1624;56.03513695147382;99279.02142706349
0;109.783;109.8960333333333;49.96828759448926;99778.29484970825
1;110.081;110.0209333333334;56.26322183747795;99501.30337792044
0;110.085;110.1055;49.52528289203877;99582.08337792044
1;109.556;109.434;50.02882944258227;100174.4904343448
1;110.189;109.8403;60.90557056579017;100480.1715752264
0;110.036;110.1188;49.97514844094561;100389.1049978712
1;109.92;109.7654;53.84640476874121;100488.3535260834
1;111.341;111.0651333333333;64.76988200566771;101505.874666965
0;110.897;111.0922333333333;48.84384062679057;101104.594666965
0;108.85;109.3175;33.74017817781672;102586.9487798137
1;107.512;107.0285666666667;50.0424006460993;104180.7858362381
0;107.436;107.4565666666667;46.86764064277161;104184.3869771197
0;106.638;106.9694333333333;38.88480457495552;104548.0355053319
1;106.85;106.6783333333333;51.58886838822218;104350.5655053319
0;106.765;106.8943333333333;46.62901270800791;104274.5666462135
1;106.505;106.485;50.53355954068316;104703.8051744257
0;105.94;106.0850666666667;41.65572258148427;104174.1263153073
1;106.196;106.012;52.48415014801554;103928.6348435195
0;105.954;106.0932;43.23284249643879;103701.1748435195
0;104.17;104.3024333333333;40.47589851702387;105122.070428156
1;104.795;104.3488333333334;56.3687025794402;104522.1889563682
0;104.337;104.4479;44.70039481227584;104084.1889563682
1;104.315;104.2940333333333;51.01268294603976;104162.2674845804
0;104.394;104.4143;47.12210360002417;104315.248625462
1;104.758;104.5741;57.22286866579919;103940.2542100986
0;104.362;104.5539;44.23583120431739;103564.6542100986
1;104.965;104.5719666666667;60.02060133057476;102991.1242100986
0;104.914;105.1708;46.66747410269402;102975.7153509802
1;102.199;101.8699;50.00533697340541;105776.4724074045
0;102.312;102.3650666666667;47.9624577490799;105889.6335482861
1;102.766;102.5197;57.15552310813455;105450.7635482861
0;102.587;102.6174666666667;49.27300666198904;105283.4569709309
1;102.929;102.7238666666667;57.40051122265927;104952.1569709309
0;102.465;102.7143333333333;44.64716949196654;104500.2969709309
1;102.984;102.7342333333333;57.7731091701983;103997.2969709309
0;102.738;102.8817333333333;46.93542303080589;103760.5681118125
0;101.469;101.9251333333333;31.13273176035661;104742.6651682369
1;101.329;101.1642;50.00948321656824;105034.2451682369
0;100.653;100.9735;41.23236349603199;104369.8585908817
1;101.003;100.749;54.16693669598702;104025.8571190939
0;100.235;100.7153666666667;39.43341119905266;103263.6771190939
1;101.127;100.6254666666667;59.54055307697013;102378.2056473061
1;103.636;102.6340666666667;71.59769961393644;104150.7067881877
0;104.003;104.4676666666666;49.99579682574974;104744.2779290692
1;104.685;104.3937666666667;59.37979492185573;104077.6335137058
1;105.926;105.1909333333333;64.01510591618914;104557.5646545874
0;105.208;105.6271333333333;46.5341444500985;103876.0646545874
1;105.802;105.5848666666667;54.93119136287159;103310.2031827996
0;106;106.0904;49.99551314449876;103515.5454645628
1;106.451;106.1053;59.52219309227598;103092.8154645628
0;106.692;106.7592333333334;49.99105412405063;103480.7788872075
1;106.279;105.9905666666667;52.0988760883968;103864.9474154197
0;106.109;106.21;47.30426845453201;103705.5285563013
1;105.043;104.7868;50.01164783100148;105156.3770845135
0;105.232;105.2522666666666;47.85326770801773;105490.3570845135
1;105.091;105.0697;51.10946820462129;105706.6526691501
0;104.549;104.9892333333333;41.38347712706366;105201.5138100317
1;105.438;104.8781666666667;55.40228654940577;104370.5938100317
0;103.3;104.8075666666667;33.03253443903228;102331.5138100317
0;103.292;104.8073;32.97843325254813;102257.0338100317
0;103.319;104.8082;33.16173895118489;102189.3138100317
0;103.32;104.8082333333333;33.16856719302794;102146.7438100317
0;103.34;104.7537666666667;33.25000351149528;102104.1738100317
1;102.673;102.3567666666666;50.01189881652881;102906.5123382439
0;102.127;102.3709666666666;39.01975090671076;102372.8723382439
1;101.443;101.1313;50.00580035928523;103261.5708664561
0;100.98;101.1507333333334;40.34293018410569;102810.2742891008
1;101.56;101.1895666666667;55.30931831957777;102240.1642891008
0;101.116;101.2268666666667;45.1444703931536;101803.7954299824
1;101.478;101.1686;58.92944752605325;101449.0354299824
0;102.218;102.3858333333333;49.98770505937858;102277.3677117456
1;101.483;101.3283666666667;50.06168275417151;103152.3262399578
0;101.762;101.7838;48.95392354872481;103572.0873808394
1;100.592;100.4822333333334;50.01754429200879;104995.7144372638
0;100.384;100.4410666666667;43.98289928324562;104790.5044372638
1;100.367;100.3093;51.53486309085543;104794.3200219004
0;100.42;100.4402;49.00327386741192;104882.4223036636
1;100.266;100.2259333333334;50.00594876220519;105049.6208318757
0;100.124;100.2073;44.04851636568835;104911.5419727573
1;100.519;100.2377;59.40499635501587;104520.5619727573
0;100.405;100.4812333333333;47.0456849637218;104414.9865362837
1;100.594;100.4776;55.36794152742057;104230.0765362837
0;100.167;100.4640333333333;37.72968665244349;103826.8465362837
0;100.17;100.4641333333333;37.83259344270726;103779.9465362837
0;100.17;100.4641333333333;37.83259344270726;103738.0365362837
0;100.17;100.4641333333333;37.83259344270726;103695.1265362837
0;100.17;100.4641333333333;37.83259344270726;103653.2165362837
0;100.169;100.4641;37.79822886355545;103611.3065362837
0;100.162;100.4638666666667;37.55941377553562;103568.3965362837
0;100.17;100.4641333333333;37.83259344270726;103518.5065362837
0;100.169;100.4641;37.79822886355545;103476.5965362837
1;100.495;100.4743;51.59434446556445;103433.6865362837
1;102.242;102.0911333333333;63.56901936268603;104997.7776771653
1;103.446;103.2680333333333;61.30930107168683;106022.7588180469
0;103.215;103.3955;48.74581078034938;105799.9288180469
1;103.685;103.4422666666667;58.68345720197642;105342.217346259
0;103.277;103.6973;42.66574482892005;104950.8484871406
1;101.82;101.6594333333333;50.00948325553429;106413.7611282016
1;102.595;102.0737;63.393019175544;106622.3022690832
0;102.298;102.4602333333333;48.06583295461559;106334.6934099648
1;102.025;101.9776;50.00208498302373;106606.731938177
0;102.502;102.5224;49.65054008898088;107330.4930790585
1;102.499;102.4788666666666;51.3210939185802;107349.5086636951
0;102.023;102.304;42.09134991379532;106883.6998045767
1;102.068;101.9436;53.00504870988939;106829.8468610011
0;101.589;101.8760333333333;38.77599391717421;106361.3068610011
1;101.949;101.7696666666667;53.76627463523421;106004.7753892133
0;101.147;101.7459666666666;36.9121502282998;105227.8153892133
1;102.03;101.7747333333333;55.84465168910992;104367.2453892133
1;102.114;101.7775333333333;57.78059757926546;104337.8353892133
1;102.025;101.7745666666667;55.72380293912038;104228.0353892133
0;101.084;101.7712;37.48113491518528;103299.1253892133
1;100.901;100.6067666666667;50.00079016795029;103630.4609738499
0;100.814;100.8357;47.20658907138561;103515.1221147314
1;101.15;100.9292333333333;55.64472273678135;103184.9121147314
0;100.718;100.9392333333333;44.71364881716622;102759.723255613
1;100.611;100.5868666666667;50.01344548860366;102894.5417838252
0;100.31;100.4873666666667;41.87102268949113;102595.4717838252
1;100.699;100.49;55.68321996332092;102204.7903120374
0;101.088;101.1086666666667;49.57063404568256;102926.7937346822
1;101.67;101.2945666666667;62.52202324042883;102352.8922628944
0;100.859;101.2941666666667;44.03779267322464;101550.8022628944
1;101.505;101.1989333333333;58.29498302995035;100909.9907911066
1;102.966;102.6251;65.34924132056022;102162.6330728698
1;103.753;103.3956333333334;67.41325207471048;102654.9564955145
0;103.58;103.7081666666666;49.993080000669;102645.1276363961
1;103.314;103.2426;51.0041647459874;102898.1961646083
0;103.639;103.6718333333333;49.96847064307454;103290.4173054899
1;103.68;103.6599666666666;52.73362886585462;103333.3158337021
0;103.851;103.8763333333333;48.5302614896117;103578.1292563469
1;104.193;103.8091333333333;58.88543102083695;103245.4777845591
0;103.959;104.1755333333333;46.43784292903728;103024.0589254407
1;104.091;103.9859;54.25280040752598;102892.8374536529
0;103.795;103.8941666666667;43.78580275570205;102610.3685945345
1;103.603;103.5495;50.0159753399995;102854.094179171
0;103.83;103.8501666666667;49.27289701653474;103171.4253200526
1;103.955;103.9038666666666;53.63024395717771;103044.8438482648
0;104.302;104.3483333333334;49.99424000740024;103561.4549891464
1;104.448;104.3170333333333;56.45075723218041;103417.2535173586
1;105.334;104.9336666666667;68.03845793125043;104078.608080885
1;105.513;105.1821666666667;66.0933868054959;103867.408080885
0;105.046;105.2115;49.19658123359375;103423.798080885
1;105.188;104.9674333333333;57.27695919895702;103284.3766090972
0;104.617;104.9032666666666;40.54763188966084;102742.2377499788
0;103.042;103.5109666666667;30.69910974298462;103847.3562781909
1;103.196;102.9914666666667;50.0230139747389;103586.9762781909
1;104.598;104.4566;61.33983618268981;104710.5685599541
0;104.592;104.6749;49.92477519225136;104804.9597008357
1;105.255;104.6963333333333;68.20467132085017;104176.9497008357
1;105.262;104.6965666666667;68.3307546227158;104153.1897008357
1;105.252;104.6962333333333;68.15032776643727;104122.7797008357
1;105.253;104.6962666666667;68.16846291332399;104101.8697008357
1;105.252;104.6962333333333;68.15032776643727;104080.0097008357
1;105.281;104.6972;68.66799379876819;104059.0997008357
0;104.344;104.6907333333333;44.80270729311579;103163.0397008357
1;104.144;104.0727;52.09009878241492;103354.1197008357
1;106.879;106.4082;61.68452133892842;105719.9842643621
0;106.119;106.4563;49.99440130088046;105137.4542643621
1;106.817;106.5893;59.41435198858036;104483.0742643621
1;108.368;108.1387666666667;60.62414268049107;105766.5665461253
0;108.972;109.2087666666667;49.97977440691469;106549.2976870068
1;109.355;109.1767333333333;56.76575240846986;106200.8876870068
0;109.892;109.9480333333333;49.99466272968633;107018.9188278884
1;110.793;110.1566666666667;63.3196071364729;106206.5888278884
0;110.53;110.7028;49.98188924599384;106083.61996877
1;111.092;110.8485666666667;57.07564375381997;105573.2584969822
0;112.954;113.2117;49.99176587542094;107593.9042013902
1;112.609;112.5873666666667;50.75111366116379;108034.9427296023
0;112.155;112.3539666666667;44.91183761094021;107636.3150113655
1;113.223;112.6400333333333;62.11286526412412;106693.9150113655
0;113.937;114.2682;49.99605952242927;107611.9184340103
1;114.192;114.0984333333333;54.84701750522926;107384.1169622225
0;113.574;114.0687;43.39469034548161;106841.7469622225
1;113.812;113.7278999999999;51.20327897504071;106628.1354904347
0;113.426;113.8225333333334;42.4897567312611;106290.4754904347
1;114.123;113.8897666666667;54.50449120152751;105676.1040186469
0;113.736;114.0482333333333;42.88968291937763;105339.3451595285
1;113.958;113.7331;54.25395648739593;105129.3007441651
0;115.2;115.4255;49.98889236787954;106599.2230259283
1;115.417;115.3413;55.54304292248113;106407.5715541404
0;115.062;115.2076333333333;46.12032607253174;106101.652695022
1;115.394;115.1436333333333;56.36519623503222;105814.802695022
0;117.781;118.1464;49.99762294117433;108031.0672585484
1;117.368;117.3142333333333;50.01296464844152;108517.1457867606
0;117.696;117.7160666666666;49.72303888529602;108835.6357867606
1;117.792;117.7078333333333;53.82150553926535;108754.9857867606
0;117.27;117.5484;41.63949741126797;108316.7992094054
1;117.214;117.1407666666667;50.05820897570335;108397.134794042
1;117.634;117.3500333333334;62.79739447822549;108526.6859349235
1;117.641;117.3502666666667;63.04515439894815;108507.9759349235
1;117.634;117.3500333333334;62.79739447822549;108483.3159349235
1;117.634;117.3500333333334;62.79739447822549;108464.6059349235
1;117.635;117.3500666666667;62.83299195562074;108445.8959349235
1;117.634;117.3679;62.85730889900147;108425.4859349235
0;117.513;117.5706;49.48736133390189;108324.2259349235
0;116.288;116.6891;37.30554477829887;108872.9215195601
1;116.853;116.5757666666667;52.23869515004111;108391.1115195601
