Tipo de Op;Precio;Media;RSI;Balance
1;120.421;119.6204666666666;69.70399410559423;100000
0;120.094;120.1458333333333;48.83139426953334;99726.88
1;120.572;120.4156;60.72232056233484;99335.80852821219
0;120.216;120.3883666666667;45.7596427192735;99040.50852821219
1;119.321;119.1956;50.00525543275236;99979.79705642437
0;118.864;119.1122;41.40781775566826;99597.85705642437
1;118.825;118.7171333333333;50.03825092142704;99726.43558463657
0;118.768;118.8170333333333;46.49871608407292;99681.81558463657
1;119.215;118.9275;55.49148092008735;99307.69558463657
0;119.111;119.2031333333333;48.02082256971462;99219.54558463658
1;119.577;119.3179;59.5459689343481;98814.56116927316
0;119.601;119.6937666666667;49.56697823635107;98837.97116927317
1;119.807;119.6771666666667;56.03289174071525;98661.48969748536
0;119.467;119.6484333333333;43.36735904479165;98377.72969748537
1;119.513;119.4222;52.36218021516336;98343.41969748537
0;118.817;119.3297666666667;36.67601041141166;97758.48969748538
1;118.551;118.3666666666666;50.00229806568202;98002.01822569757
0;118.591;118.6114;45.20337620434626;98045.85822569756
1;118.375;118.2542333333333;51.13852465460059;98223.80675390975
0;118.358;118.3782333333333;47.98530301554548;98225.49675390976
0;116.748;117.5302666666667;28.79338469909777;99187.50528212194
1;117.128;116.9238;50.00026706241889;99026.73528212194
0;117.49;117.534;49.94714635072449;99494.2587047667
0;116.351;116.9869;39.04564266172967;99691.2587047667
1;116.537;116.3873;50.01263989115565;99563.98723297889
0;117.183;117.2587666666667;49.99208307065899;100284.7583738605
1;117.355;117.2769666666667;54.55000439300395;100143.2983738605
1;118.503;118.0484333333333;65.5948379591245;100924.5695147421
1;118.762;118.4281666666667;63.13752288584537;100735.1895147421
0;118.486;118.6230333333333;49.52022385866442;100504.8406556237
0;117.179;117.7957;31.3614612717688;101262.5306556237
1;117.837;117.6907666666666;50.01585654346245;101226.7006556237
1;118.171;117.8218333333333;56.70318764863371;101211.5540782684
0;117.886;118.02;46.71246411200298;100967.2440782684
1;118.049;117.9539666666667;53.71416056655146;100835.0840782684
0;117.454;117.9259;38.57596570291584;100331.0740782684
1;118.067;117.8978666666667;54.99089170160134;99811.03407826844
0;118.304;118.4073;49.86173421729838;100016.48521915
0;117.506;117.9483;35.75001490784265;100396.60521915
1;117.799;117.6942333333333;50.01201133318359;100119.09521915
1;118.521;118.3542;60.40225134594242;100623.3963600316
0;118.318;118.4009666666667;49.9335693758032;100532.1863600316
1;117.968;117.9331;50.00295525105017;100996.6463600316
0;117.874;117.8947666666666;46.6238762113041;101031.4375009132
1;117.883;117.8450333333333;50.70930545788821;101026.3475009132
0;117.546;117.8173666666666;40.65851264129508;100742.2075009132
1;117.85;117.6916666666667;53.89629947948298;100471.5230855498
0;118.13;118.1859666666667;49.87046343034804;100712.8242264314
0;117.543;117.8739;37.7265142502979;100984.4442264314
1;117.546;117.4636;50.03225368167508;101019.9227546436
0;117.428;117.6258666666667;42.71345205704561;100922.8427546436
1;117.698;117.4983333333334;56.44293338885201;100696.8327546436
0;117.187;117.4433333333333;40.41699502763949;100265.0938955252
1;117.494;117.3002666666667;55.73366169309034;100004.6538955252
0;117.621;117.6418666666667;49.48068499753821;100150.0250364067
1;117.644;117.6233333333333;53.7311479406198;100170.4350364068
0;117.319;117.4965;42.07719306434409;99894.26503640675
1;117.409;117.3558333333333;51.08228230990928;99803.20062104333
0;117.371;117.4537;46.41890598059053;99775.97176192493
1;117.398;117.3349;52.04785599991515;99781.08176192493
0;118.67;118.9055666666667;49.95417838715575;100952.1429028065
1;118.738;118.6969333333333;52.64009340714787;100894.0329028065
0;118.447;118.6615333333333;43.32299923487885;100647.5029028065
1;118.676;118.5476666666667;54.93686781006051;100453.3714310187
1;119.589;119.3318333333333;67.74594151304795;100974.7514310187
1;120.443;120.0397000000001;66.84605563027563;101439.1814310187
0;120.04;120.1544666666667;49.9886004569325;101200.5448536635
1;120.348;120.2631;59.16791607025569;100945.4448536635
0;119.978;120.2297333333333;44.64291575057783;100648.7548536635
1;118.982;118.8565;50.21139596651143;101538.1433818757
0;118.673;118.8427666666666;42.43796639284739;101281.1433818757
1;118.538;118.4945;50.18567574149522;101412.1704383
0;118.297;118.4845666666667;35.77252103628808;101210.1404383
1;118.534;118.4364666666667;52.49866037826158;101009.3604383
0;119.044;119.1200666666667;49.92795986755672;101545.6315791816
1;119.347;119.1837333333334;61.14450840236471;101294.2615791816
0;119.027;119.1836333333333;42.69924455737964;101036.3615791817
1;118.834;118.678;51.22293648804497;101184.3471638182
0;118.937;118.9729333333334;49.72422312078265;101264.2271638182
1;118.768;118.7460333333333;50.57598605260313;101548.3771638182
0;118.896;118.9167333333333;48.33650115438689;101677.0983046998
1;119.176;119.0087666666667;59.06271393498158;101442.9883046998
0;118.962;119.0728333333333;46.56722697262062;101265.6283046998
1;119.005;118.9159;53.42087596644704;101224.966832912
0;119.248;119.2759666666667;49.22905990499386;101579.156832912
1;118.871;118.7795666666667;50.08408710067506;101986.3853611242
0;118.827;118.8474666666666;46.89916332921034;101998.1653611242
1;119.04;118.878;58.91831962323678;101803.9609457608
0;118.859;118.9156333333333;46.57659350832225;101655.8909457608
1;119.04;118.8816666666667;58.43995931393881;101510.5509457608
0;119.212;119.2730333333334;49.82209730069656;101702.6220866424
1;119.399;119.3189666666667;58.66302187526366;101546.8420866424
1;119.808;119.5233;69.08581637351068;101680.6720866424
0;119.745;119.8100333333333;49.90771230351081;101633.9120866424
1;119.916;119.8266666666667;58.86657889880943;101492.1420866424
0;119.992;120.0139666666666;49.97948244904045;101574.703227524
1;119.732;119.6774333333333;50.11448770490603;101833.723227524
0;119.639;119.6642333333334;47.79942991003092;101756.8943684056
1;119.736;119.6375333333333;53.59749219993548;101677.5543684056
1;119.922;119.7719;59.98326836732997;101706.1577910503
0;120.057;120.1378;49.98379327604155;101864.3477910503
1;120.12;120.0948666666667;53.73689889039566;101812.7277910503
0;119.99;120.0596333333333;45.37788420750735;101706.0577910503
1;120.223;120.0530333333333;58.34933941274809;101528.0277910503
0;120.757;120.8292;49.95985462433299;101877.8989319319
1;121.123;120.9145666666667;60.71398688415743;101576.5489319319
0;121.526;121.6103;49.96234747750905;102058.1300728135
0;120.927;121.2251666666667;38.36233168730291;102317.5986010257
1;121.247;121.1825666666667;50.03380137449496;102075.8886010257
0;121.324;121.3443333333333;48.61999163107007;102187.1086010257
1;121.537;121.4149666666667;55.11319070707356;102011.0286010257
0;121.354;121.4822;44.62551573532354;101867.1020236705
1;121.288;121.2677;51.09671732964346;102026.3920236705
0;121.364;121.3841333333333;49.3569737216665;102140.1331645521
1;121.538;121.4159333333334;57.97881741056995;101998.6131645521
0;121.323;121.4226666666667;45.51358328165283;101822.2231645521
1;121.54;121.4346666666667;56.83584100467993;101644.5031645521
0;121.278;121.4368;43.29138924535506;101430.123164552
1;121.469;121.3854666666667;54.34808393619442;101272.063164552
0;121.176;121.3146;40.46650964563225;101032.8343054336
1;121.435;121.3136333333333;55.93409184101285;100818.7343054336
0;121.174;121.2952666666667;41.65970747490236;100604.9943054336
1;121.397;121.2828;55.41579294655575;100422.9443054336
0;121.323;121.3788333333333;46.65098592982743;100366.9854463152
1;121.349;121.3203;51.6879722252287;100346.3854463152
0;121.272;121.3091333333333;44.48747267326784;100283.8065871968
1;121.408;121.3424666666667;56.69205386474816;100170.9665871968
0;121.265;121.3427;41.93392329001403;100053.8665871968
0;120.782;121.1544333333333;30.57955805617186;100179.3665871968
1;120.527;120.3927666666666;50.0569943111958;100583.1121718334
0;120.741;120.7649666666667;49.77015077379515;100828.1021718334
1;120.868;120.7955;55.19906902179594;100719.3107000456
0;120.806;120.8276333333333;48.24075537886818;100682.0707000456
1;120.176;120.0112999999999;50.03410745458651;101380.2592282578
0;119.82;119.9896;37.78569522088402;101082.3092282578
0;119.602;119.7860333333333;36.93918860973363;101018.0892282578
1;119.65;119.6171;50.0749421210143;101013.9092282578
0;119.268;119.6050333333334;32.9231356824456;100709.5992282578
0;119.267;119.605;32.891936091056;100674.3992282578
0;119.263;119.6048666666667;32.7677268179975;100638.3592282578
1;119.637;119.6058;50.04849403139122;100598.9692282578
0;119.66;119.6811;47.90598352279783;100675.8803691394
1;119.627;119.6067;50.66720223274967;100766.2203691394
0;119.432;119.4830333333333;44.67795190244296;100607.3337917842
1;119.03;118.9919;50.07097855308945;101162.1737917842
0;119.062;119.0829666666666;47.491803279633;101221.8449326657
1;119.405;119.2246;58.98245660442119;100937.9249326657
0;119.128;119.2601;44.95268598525313;100707.0849326657
1;119.278;119.2038;54.64665249886977;100575.1234608779
1;120.241;119.8949666666667;74.55400671217785;101266.9934608779
1;120.13;119.8912666666667;69.99718370702797;101155.4234608779
1;120.13;119.8912666666667;69.99718370702797;101137.1034608779
1;120.13;119.8912666666667;69.99718370702797;101118.7834608779
1;120.216;120.0410666666667;67.98014006498657;101100.4634608779
0;120.007;120.1200333333334;49.97444960655096;100934.6534608779
1;120.01;119.9863;51.04584979999651;100948.8234608779
0;119.83;119.9524666666667;42.62646152573422;100799.5146017595
1;119.991;119.8499333333334;54.31400717740609;100667.8346017595
0;119.598;119.8564;40.09470737906022;100338.3946017595
1;119.81;119.6050666666667;57.17188800831409;100143.6701863961
0;119.587;119.6821333333333;42.26515248946201;99963.96132727766
1;119.928;119.6920333333333;62.56643984995102;99696.25132727766
0;119.413;119.6755333333333;39.88337697689728;99301.97132727766
1;119.147;119.0325666666667;54.92817545058242;99519.00985548984
0;120.119;120.2748333333333;49.83939274710478;100500.5909963714
0;119.709;120.0413666666666;37.00923738003852;100619.7809963714
1;119.967;119.9270333333333;51.20444642605634;100405.5509963714
0;120.159;120.2041;49.96894784183331;100578.8744190162
1;120.252;120.1797;55.51043472283798;100500.7044190162
0;120.452;120.5498;49.85150223515009;100695.0055598978
1;120.322;120.2808666666667;50.56125205609185;100805.5455598978
0;120.416;120.4384333333333;48.04923864683808;101029.5267007794
1;119.943;119.8735333333333;50.1386275440327;101461.2152289916
0;119.557;119.8389666666666;38.14994785823176;101139.1952289916
1;119.558;119.4454;50.08235262041906;101194.9237572038
0;119.478;119.5021;45.34139287772688;101129.6437572038
0;118.87;119.1548666666667;36.52103861060898;101371.2737572038
1;119.229;119.0985;51.26592907446103;101071.0037572038
0;119.073;119.1654333333333;42.98951746710592;100939.1537572038
1;119.401;119.1601;58.18694426218575;100666.1237572038
0;118.946;119.1885333333333;41.3689097778074;100284.4437572038
1;118.942;118.9144666666666;50.00700665817346;100326.172285416
0;118.757;118.8923666666667;42.5537861850956;100173.8234262975
1;119.087;118.8389666666666;59.70790028765152;99897.55342629754
1;119.445;119.2348666666667;63.98133083003336;99996.60456717914
0;119.363;119.4078666666667;49.97984783666076;99937.12456717914
1;119.761;119.4507333333333;65.23779572458477;99605.62456717914
0;119.459;119.6333;43.77411839671776;99355.39570806074
1;119.712;119.5836333333333;57.48074477963581;99144.88570806074
0;119.853;119.9147666666667;49.97837925442811;99331.04913070551
1;119.993;119.9181333333333;56.50749132785115;99215.20913070551
0;119.764;119.9341;43.42755639243986;99025.66913070552
0;119.431;119.5475666666667;38.01965549226049;99143.18765891771
1;119.601;119.4918;51.95026085110817;99001.88765891771
0;119.182;119.4638;35.61401414811328;98649.47765891771
1;119.069;118.9329333333333;50.10754759286265;98795.3661871299
0;119.102;119.1303666666667;47.00415271801197;98822.23618712989
1;119.203;119.158;53.62471926869469;98731.29471534208
0;118.966;119.0727333333333;41.39049611043463;98532.92471534209
1;119.115;119.0519666666667;52.97575500502858;98408.67471534209
0;118.824;119.0341666666666;38.80678558832729;98164.61471534209
1;119.002;118.8556333333333;59.02378473647162;98011.34324355428
0;118.911;118.9671333333333;44.93327068361219;97943.23324355428
1;119.076;119.0192333333334;53.88950559507344;97787.70882819085
0;118.728;118.9160333333333;40.95477040694028;97498.82882819085
1;118.994;118.8927666666667;53.14550471065296;97276.12882819085
1;119.838;119.5783;64.49142704452404;97627.07996907244
0;120.029;120.1325;49.98506326084375;97842.73996907244
1;120.217;120.1406666666667;59.57815125838895;97685.52996907244
0;120.07;120.1188333333333;47.96830234779316;97561.42996907243
1;120.28;120.1326666666667;59.87361528687945;97384.34996907243
0;120.093;120.1383;46.28410360985939;97231.21110995402
1;120.255;120.1245333333333;59.69684142997671;97094.00110995401
0;120.124;120.1903333333334;45.81409641336199;97001.61110995401
1;119.567;119.4716333333333;50.01065444826115;97420.92963816621
0;119.325;119.4434;39.96459998546938;97215.59963816621
1;119.437;119.3744;51.42382435299321;97115.96963816621
1;119.984;119.8087333333333;64.27745268008239;97444.01077904779
0;119.872;119.9227;49.49148806732342;97357.26077904779
1;119.942;119.7909666666667;56.62927428328593;97289.35930725999
0;119.813;119.8790333333333;46.04978288867821;97183.35930725999
1;120.037;119.9085333333333;59.36311372814547;96995.91930725999
0;120.087;120.1245333333333;49.94547347552214;97059.27044814159
1;120.026;119.9498333333333;52.29083957674801;97108.88897635377
0;119.764;119.9417666666666;39.63828927086247;96905.18897635378
0;119.772;119.9071666666666;39.8718161821249;96869.29897635378
0;119.118;119.1613;37.4801526307272;97333.89456099036
1;119.273;119.1545;50.74863596178416;97203.10456099037
0;118.977;119.1641666666667;36.33490698161945;96955.16456099036
1;119.286;119.1597;53.4024730629626;96696.95456099036
0;119.502;119.5225666666667;49.99365947585797;96967.90570187195
1;119.599;119.4722666666667;57.76582652723501;96874.74423008414
1;120.026;119.9043333333333;61.45499992024654;97138.34537096573
0;119.864;119.9457666666667;48.50068342723386;97004.02537096573
1;120.05;119.9545333333333;61.77513411426349;96849.92537096572
1;120.743;120.5284666666667;70.30110101601267;97334.94651184732
0;120.777;120.8696;49.79610742162784;97433.40651184732
1;121.074;120.9069666666667;62.80236114302106;97188.92651184733
0;121.076;121.1321;49.97728454499143;97242.02993449209
1;121.179;121.0866;54.72454215553203;97157.85993449209
0;120.949;121.0498333333333;44.07107678556444;96968.52993449209
1;120.904;120.8711666666667;50.00779202356435;97040.10846270429
0;121.513;121.5998666666667;49.95830701643086;97599.49960358588
1;121.581;121.5163666666667;56.2225070933152;97539.83813179807
1;122.876;122.1364333333333;78.49908002738545;98293.27813179807
0;122.896;123.0430666666667;49.96065296629104;98391.76927267967
1;123.253;123.0506666666667;63.02612851154026;98103.73927267967
0;123.562;123.7248333333333;49.87754648414549;98459.45927267967
1;123.962;123.7472333333333;64.73293154366868;98137.57927267966
0;123.588;123.8069;45.88894090242952;97837.39927267967
1;124.249;123.849;62.77640550670986;97304.59927267967
0;123.751;124.0249333333334;44.39551342277803;96900.55927267967
1;123.967;123.8325333333334;54.24808390184129;96722.55780089187
0;123.731;123.805;45.68858920981886;96533.43780089187
1;124.149;123.8254666666666;58.12603804447748;96195.94780089187
0;124.007;124.0901;47.27678062900917;96086.40894177345
1;124.216;124.1106333333333;55.65415495462013;95921.36894177346
0;124.605;124.7089666666667;49.98422056034803;96257.69008265504
1;124.807;124.7210333333333;57.59058271268875;96096.64008265504
0;124.436;124.6978666666666;42.12664719320013;95800.91008265504
1;124.143;124.0163333333333;50.56906788951749;96033.16861086723
0;124.142;124.1645;46.40620975272839;96029.94861086723
1;124.563;124.3272333333334;60.8234532664436;95677.4541955038
0;123.996;124.3465;38.07239171794916;95259.05419550381
1;124.371;124.2811666666667;54.07653412463384;94954.3341955038
0;125.314;125.5181666666667;49.87053945789765;95913.28533638539
1;125.563;125.535;59.65339871964397;95716.56533638539
0;125.287;125.5250666666666;46.39939276522159;95497.87533638539
0;124.296;124.6205333333333;33.5144032425425;96049.51386459758
0;124.171;124.4827333333333;34.60198390535822;95832.76386459758
1;124.445;124.3385666666667;50.00012971349571;95619.80386459758
0;124.059;124.3478333333333;38.31055332089153;95312.82500547917
1;122.989;122.7662666666667;50.02800815291883;96190.50059011574
0;123.439;123.5206333333333;49.93396033327375;96533.25059011574
1;123.505;123.4407666666667;52.47173458443836;96466.63764654013
0;123.361;123.4647333333333;43.81109387338847;96352.33764654012
1;123.536;123.4344;54.97428117628339;96207.73617475231
0;123.391;123.509;42.58131297702203;96091.03617475231
1;123.5;123.4013333333333;56.13702621391479;95998.2147029645
0;123.853;123.8823333333333;49.74426451120701;96505.7447029645
1;123.061;122.9409333333333;50.01158185882195;97352.05028760107
0;123.016;123.0366666666666;48.56550951686578;97322.09142848266
1;122.985;122.8668;54.91263203807651;97341.10995669485
0;122.585;122.7823666666667;40.32063497690339;97015.61995669485
1;122.943;122.7332333333333;56.19323299623198;96725.23995669484
1;123.742;123.5766333333334;60.73039734169077;97299.56109757643
0;123.652;123.7305333333334;49.97459643090762;97283.39109757643
1;124.076;123.8778;61.64148780169866;96937.09962578863
0;123.715;123.906;43.84807039936189;96646.10962578862
1;124.094;123.9098666666667;57.9876695634937;96341.49962578862
0;123.838;123.9897;45.08500387235027;96135.58962578862
1;123.728;123.6712333333334;50.00674668134058;96218.89521042519
0;123.388;123.5857;35.46990498657499;95946.70635130678
1;123.526;123.4413666666667;52.04293343335919;95835.79635130678
0;122.742;123.6609333333333;24.44037703150744;95197.97749218837
1;122.723;122.6429333333333;50.03680755986901;95005.25749218836
0;122.33;122.5618666666667;38.22584204611955;94684.81749218836
1;122.59;122.3934333333334;53.89495667221632;94473.53749218836
0;121.992;122.2949666666667;38.45092912325403;93984.16749218837
1;122.544;122.3544333333333;55.91806165360491;93529.15602040057
1;123.468;123.2711333333333;66.22284320494759;94166.85944304534
0;123.309;123.3996666666667;49.31187773997193;94087.41944304534
1;122.906;122.8717666666667;50.07389721948694;94464.65797125753
0;121.987;122.8222;26.27731530721834;93711.38911213912
1;122.64;122.5511333333333;50.34796553407574;93179.74911213912
0;122.494;122.5845666666667;45.3224302060456;93061.37911213913
1;122.708;122.5967333333333;55.28623580757515;92882.42764035132
0;122.49;122.6391;43.20659939689302;92705.26764035132
1;122.494;122.4722333333333;50.59584227537932;92725.67764035132
0;122.184;122.3969;38.95789510844136;92474.51878123291
1;121.079;120.8400333333333;50.01097156825985;93658.74878123291
0;121.222;121.2421666666667;48.04379564451893;93921.51878123291
1;121.442;121.3503666666667;55.50327114216364;93734.1673094451
0;122.305;122.5139333333333;46.83563353716112;94828.75730944509
1;122.671;122.6477666666667;57.90386166565165;94532.0273094451
1;123.54;123.4088666666667;65.74021791235771;95105.06730944509
0;123.371;123.4604666666667;49.99603050645806;94994.85730944508
1;123.45;123.3981;53.27355271901201;94931.67730944509
1;123.937;123.7343333333333;64.61248117708605;95170.19845032669
0;123.88;123.9135666666667;49.37535378997282;95125.79845032669
1;124.165;123.9810666666667;61.59426539173073;94895.4584503267
0;124.028;124.1015333333333;47.27479270351486;94787.54959120828
1;124.176;124.0747333333333;56.83738493521566;94667.55959120828
0;124.208;124.2478333333334;48.6364568662002;94690.23073208987
1;124.338;124.2700333333334;58.55873753707048;94588.09073208987
0;124.312;124.3341;49.1660685042902;94566.37073208987
1;123.851;123.7679666666667;50.03916735361565;94998.09926030206
1;124.126;123.962;60.14422419764436;95080.38926030205
0;123.919;124.0074333333333;46.51657043723635;94914.14926030205
1;123.975;123.9344666666667;53.05686776364593;94869.78926030204
0;123.745;123.9070333333333;42.59954387389421;94685.53926030204
1;124;123.8910666666667;55.98983946852847;94473.71778851423
0;123.793;123.9330333333334;42.72571831308413;94308.11778851422
0;123.165;123.2134;40.0796525047531;94753.90631672641
1;123.311;123.1989;51.03483806009237;94636.31631672641
0;123.512;123.5325666666667;48.44087975178412;94860.44631672642
1;123.538;123.5173333333334;50.92709813760584;94853.45484493861
0;123.626;123.6468;48.29762083686366;94976.34484493861
1;123.952;123.657;64.24151688322127;94714.14484493861
1;123.951;123.6569666666667;64.20460114936112;94695.58484493861
1;123.951;123.6684666666667;64.54366796784956;94677.83484493861
1;124.464;124.1739;68.52330963967492;94914.06826758338
0;124.21;124.2737666666667;49.95268608163278;94766.01826758338
1;124.145;124.1230666666667;51.75102018909144;94813.80679579556
0;124.079;124.1228666666667;45.54069962334355;94764.64679579556
1;124.086;123.9627;53.4678340855817;94754.43532400775
0;123.941;124.08;42.33726984202354;94638.25532400775
1;124.089;124.0237666666667;54.31033790423177;94514.42385221994
0;123.926;123.9882;43.25737661643662;94383.70385221994
1;124.054;123.9880666666667;53.15648224517519;94281.32385221994
0;124.317;124.3775333333333;49.90170666192897;94533.93499310153
1;124.447;124.3684333333333;55.79974505229487;94428.67499310154
0;124.769;124.804;49.25129626920562;94692.7784157463
1;124.764;124.7438666666667;51.07193528100755;94695.42694395849
0;124.709;124.7429666666666;46.39371126878648;94652.12694395849
1;124.841;124.7460666666666;54.78509924577038;94550.39694395849
0;124.321;124.7445666666667;36.25934968700607;94132.93694395848
1;124.498;124.2928;54.78326212073858;93986.19547217067
0;124.5;124.5334666666667;48.26587322083126;93989.40547217068
1;124.751;124.6016333333333;61.00009716448661;93783.63400038287
0;125.049;125.1134;49.96331038461535;94085.07514126446
1;124.336;124.1402333333333;50.00662251272067;94808.38514126446
1;124.597;124.4104;57.19782954839251;94927.27514126446
0;124.394;124.4154;48.65448980494924;94764.88514126446
1;124.454;124.4116333333333;52.30239251186871;94712.10366947665
0;124.302;124.4058333333333;41.40573919023226;94591.43366947665
1;124.306;124.2602333333333;50.00465348261878;94600.28366947666
0;124.404;124.4242666666666;49.20187996161487;94746.61481035825
1;124.48;124.4186;55.60411252366189;94686.36481035825
0;124.334;124.4159;41.95346847690525;94569.87595123984
1;124.439;124.3782333333333;54.3990177585766;94486.29595123984
0;124.249;124.3647333333333;36.42024600050971;94335.92709212143
1;124.387;124.3170333333333;54.38747950530882;94224.17709212143
0;124.202;124.3068333333333;40.37008208315695;94077.64709212143
1;124.392;124.3125;54.14316627025615;93926.50709212144
1;124.39;124.3124333333333;53.99771087214609;93906.40709212143
1;124.39;124.3124333333333;53.99771087214609;93888.71709212143
1;124.39;124.3124333333333;53.99771087214609;93868.61709212142
0;124.099;124.2987;37.0131105704632;93634.93709212143
1;124.027;123.9248666666667;50.02566530421934;93734.992676758
0;123.831;123.9416666666667;42.09168092579777;93577.522676758
0;123.329;123.5464333333333;32.84670019166352;93837.7312049702
0;121.203;122.0849;27.95581046845908;94983.8897331824
1;119.364;118.8525666666667;50.0004288244462;97001.4597331824
0;119.546;119.5668333333333;49.10849207030343;97287.9897331824
1;119.357;119.3369333333333;50.7107073913601;97550.1782613946
0;119.349;119.3982333333334;47.70294129916056;97544.3082613946
1;119.757;119.5049666666667;55.14051282398979;97202.7882613946
0;119.842;119.8812333333333;49.97417283405159;97280.60168403937
1;120.366;119.9935333333333;60.9624041242246;96846.92168403938
0;120.873;121.0191;49.96123736011301;97327.39282492097
1;121.031;120.9506666666667;55.14889474724529;97197.67282492097
0;121.171;121.1925;49.72024917602987;97327.31396580256
1;121.328;121.2515333333333;55.81917526448646;97198.73396580256
0;121.144;121.2231333333334;46.90719051085638;97050.24510668415
0;119.622;120.1532666666667;33.66605860505706;97797.04510668415
1;120.058;119.8027666666667;52.31547759104583;97431.00363489635
0;120.342;120.3736333333333;49.65327185951255;97669.73705754112
1;120.154;120.1118666666666;50.0118893315041;97859.18558575331
0;119.732;120.0424333333333;38.91841657149906;97505.89558575331
1;119.526;119.4581666666667;50.04675531442678;97848.66558575332
0;118.812;119.4350333333334;30.66602130364602;97266.34558575331
1;119.204;119.0414;50.03098472609242;97229.32558575331
0;118.795;119.0328;38.63836906789452;96885.87558575331
1;119.473;119.2807;56.23199143137525;96317.5555857533
0;119.02;119.3081666666667;35.01426617663428;95937.84672663489
1;119.515;119.2660666666667;58.45161722822771;95524.50672663489
1;120.217;119.9231333333334;63.82801511563844;95742.48786751648
0;120.629;120.7261666666667;49.95348741434708;96367.41786751647
1;120.579;120.5543666666667;52.78303498522288;96472.48345215306
0;120.624;120.7305;46.8355284304732;96511.44345215306
1;120.664;120.5997;51.47866757337771;96469.21050857745
0;120.423;120.5924333333334;41.81471685882011;96269.91050857745
1;120.449;120.4065;50.96900567617426;96249.98050857746
0;120.104;120.3647333333333;38.38777788829245;95961.89050857746
1;120.253;120.144;50.87472087962044;95833.44903678965
0;120.118;120.1942;44.05026586287713;95721.88903678965
1;119.98;119.9581;51.08314330001124;95924.59903678966
0;120.214;120.2921666666667;49.04692627091006;96121.82017767125
1;120.416;120.3163;57.12949666029103;95954.90017767125
0;120.506;120.5745666666667;49.9894475974884;96065.48360031603
1;120.658;120.5596666666667;57.62394098899345;95940.33360031604
1;120.994;120.8334;64.74356492319085;96052.09360031603
0;120.78;120.8404666666667;49.62830444138799;95878.23360031603
1;121.006;120.8518;58.95712258115757;95693.11360031604
0;120.641;120.8403;41.85804548484968;95404.69360031604
1;119.742;119.6087333333333;50.00935149264762;96340.62212852822
0;119.791;119.8119;47.50479176942505;96369.91326940981
1;120.043;119.8884333333333;57.58682467260761;96160.82326940981
0;120.374;120.4788;49.9821378399582;96415.91326940981
1;120.145;120.1222333333333;50.03596540630427;96632.37326940981
0;119.878;120.0302333333333;42.23480502742514;96412.22441029141
1;120.147;119.9875;54.31026589951098;96189.16441029141
0;120.093;120.1317666666667;48.23487117252738;96143.36441029141
1;119.825;119.7832666666667;50.04861105847034;96566.32999492799
1;121.13;120.5096;71.78557490018528;97380.94113580958
0;120.598;120.7166333333333;49.97543872205647;97089.50113580958
1;120.332;120.2854333333333;50.00254219672679;97373.52966402177
0;119.997;120.2531333333333;37.24998993968603;97095.18966402177
1;119.801;119.7298;50.01237646275484;97404.14819223397
0;119.68;119.7555666666667;45.30801342665355;97303.87819223397
1;120.029;119.8305;56.94091469990719;97008.57672044616
0;120.008;120.0286666666666;49.618805740403;97004.40672044616
1;119.981;119.9316666666666;52.16702107334653;97011.63230508273
0;119.848;120.0449333333333;40.76875780644684;96902.33230508273
1;119.912;119.8183;50.75641482684456;96844.42083329492
0;120.007;120.0295;48.67610092704917;96994.31083329492
1;119.978;119.8293333333333;54.49785087932572;97020.98083329492
1;120.556;120.3861333333333;66.898695616829;97372.4831150581
0;120.376;120.4500666666667;49.94885587334722;97232.1031150581
1;120.41;120.3853666666667;52.69325214304345;97204.69311505809
0;120.155;120.3579333333334;41.30624636229962;96993.30311505809
1;120.35;120.2706333333333;53.38428209033052;96825.07164327029
0;120.111;120.2582666666667;41.17477614810646;96628.59164327029
1;120.04;119.9844333333334;50.06672248040246;96677.45722790687
0;119.818;119.9281333333333;38.87436725603188;96491.33722790687
1;119.95;119.8681333333334;53.37363057306829;96382.12722790687
0;119.692;119.8356666666667;39.57536770109349;96168.24722790686
1;119.995;119.8436666666666;55.42066864507104;95914.90722790686
0;120.163;120.2384333333333;48.74645604404048;96117.91836878845
1;120.213;120.1920666666666;52.41307194538282;96056.36836878845
0;120.1;120.1763666666667;42.36169839688966;95963.11836878845
1;120.073;120.0308666666667;50.0656596424108;96008.93836878845
0;119.934;120.0135333333333;38.70926774005859;95893.87836878846
0;119.602;119.8224;33.62985726034596;95981.49836878845
1;119.842;119.7926;50.01597295052978;95792.89836878845
0;119.663;119.7474;41.7075437835944;95644.21950967003
1;119.155;119.0785666666667;50.03111067478571;96289.29509430661
0;118.825;118.9368666666667;39.66044226545883;96012.41509430661
1;118.641;118.5370333333333;50.0317454694434;96202.12509430661
0;118.92;118.9408333333333;49.27123629493094;96557.4662351882
1;119.219;119.1133333333333;59.38746598019987;96307.50623518819
0;119.253;119.2873;49.94515336550956;96362.06737606978
1;119.626;119.3243333333333;62.59606246923981;96048.59737606978
1;119.971;119.8152;62.66942334503133;96201.48965783296
0;119.887;119.9406;48.16685863828717;96132.25965783297
1;119.822;119.7970666666667;50.07451100231751;96185.42524246954
0;120.54;120.695;49.90561185128811;96946.65638335113
1;120.649;120.6288666666667;55.3305552951913;96892.76638335113
0;121.074;121.2306333333333;49.97096037786444;97374.58752423272
1;121.025;121.0039333333333;50.36039744295776;97442.35752423272
0;120.817;120.9774666666667;40.93671545754236;97272.76866511432
1;120.48;120.3709;50.02690116347939;97577.45866511432
0;120.278;120.3649333333333;42.44323414385618;97410.34866511432
1;120.496;120.3868333333334;54.45120932277342;97231.08866511432
0;120.26;120.3992666666667;42.76470296803333;97044.00866511432
1;120.619;120.4105666666667;58.31865668670824;96752.98866511432
1;120.612;120.4103333333334;58.03620301298054;96728.10866511431
1;120.805;120.4167666666667;64.6423493548856;96705.71866511431
0;120.88;121.0296666666667;45.55229108564625;96775.55322864067
1;121.207;121.0163;58.05390318641617;96508.23322864066
0;120.415;120.8957;37.28085501151188;95851.34322864066
1;120.626;120.4884666666667;53.32002873649015;95672.70175685285
0;120.65;120.7246666666667;47.42845316107813;95695.16289773444
1;120.84;120.7274333333333;60.38092802688158;95541.23289773444
1;121.2;121.0484;62.08159109551556;95663.56289773445
0;121.026;121.1261333333334;47.67345409006157;95520.62289773444
1;121.349;121.1911666666667;60.60300927625676;95255.27289773444
0;121.404;121.4505333333334;49.9897957147578;95306.6263203792
1;121.694;121.5195333333333;64.83477945336841;95067.50632037921
0;121.636;121.6581666666667;49.70417086065414;95020.64632037921
1;121.821;121.7075666666667;57.23614744965558;94864.2348485914
1;123.469;123.2844;69.79037163893733;96078.30598947298
0;123.275;123.4091;49.93048744483514;95995.62598947299
1;123.236;123.2152;52.21561008634609;96025.96451768518
0;123.099;123.1761333333334;44.22435485397602;95916.29451768518
1;123.391;123.2001;58.97273465532133;95680.45451768518
0;123.139;123.2271;45.69041179553636;95477.43451768518
1;123.071;123.0464;50.01970250405741;95560.66304589737
0;122.931;122.9874;42.78955227990367;95447.59304589736
1;122.988;122.9295333333333;52.50326626920837;95385.94863053394
0;122.859;122.9354333333333;44.32331566544448;95281.76863053394
1;122.787;122.7664333333333;50.2583601944306;95348.07715874613
0;122.567;122.6447;42.48015613627863;95169.39715874614
1;122.789;122.6506333333333;54.23766371809223;94990.22715874614
0;122.637;122.7235666666667;44.48125211213612;94865.46715874615
1;122.687;122.5504;55.53171747722746;94820.15568695834
1;123.443;123.2851333333333;65.17424592544472;95367.45682783994
0;123.212;123.2894333333333;49.97073000004004;95279.88682783993
1;123.397;123.3077333333333;59.34547237960307;95130.77682783993
0;123.364;123.3947333333333;49.98294931398136;95109.00796872152
1;123.369;123.3484333333333;52.18065509003547;95112.24796872152
0;123.358;123.3807666666667;46.70310313778884;95117.10796872152
1;123.018;122.9203;50.01647346636031;95484.2735533581
0;122.854;122.8746333333333;43.04996941710663;95356.48355335811
1;123.019;122.8805;53.13010274023168;95221.5435533581
0;122.758;122.8835333333333;40.80182500088073;95009.7435533581
1;122.918;122.8339666666667;52.78267176930101;94878.76355335811
0;123.085;123.1303333333334;49.99184346743463;95014.5646942397
0;122.781;122.9533666666667;40.09512022971593;95102.71322245189
0;122.377;122.5768;37.11311271562007;95221.76322245189
1;122.453;122.4009333333333;50.02200035641503;95170.65175066408
0;122.631;122.6711666666667;49.21978014919021;95301.14175066409
1;122.61;122.5791333333334;50.04889227385455;95330.50175066409
0;122.576;122.5970666666667;46.82698571601674;95313.48289154567
1;122.576;122.5553;51.22384421192189;95328.17289154568
0;122.728;122.7647333333333;49.9795239291161;95430.86289154568
1;122.842;122.7844;57.92021097650184;95338.87289154567
0;123.068;123.1329333333333;49.96347969460411;95513.70403242727
1;123.094;123.0126;54.67417674989209;95493.39403242727
0;122.813;122.9702666666667;39.64259228917357;95263.77403242727
1;123.079;122.9298;59.21957846884892;95041.47256063946
0;123.225;123.2467;49.8720595936018;95322.61256063946
1;123.433;123.3323666666666;60.23760692672031;95138.79814527604
0;123.308;123.3737666666666;46.13276064645365;95039.04814527604
1;122.786;122.6116666666667;50.034089536278;95485.80667348823
0;123.289;123.339;49.9449856299561;95971.40781436983
1;123.386;123.3504666666667;56.41530972313756;95891.98781436983
0;123.224;123.3317333333333;42.64487457672479;95761.44895525141
0;122.997;123.1662666666667;36.9448653199949;95784.98895525141
1;123.054;122.9993333333333;50.04621149736572;95786.61895525141
0;122.803;122.9258666666667;38.87653820398094;95584.78009613301
1;121.803;121.5246333333334;50.02015103483636;96694.66009613301
0;121.592;121.6155;42.13353557583564;96522.78009613301
1;121.659;121.5537666666667;52.49573758883944;96468.53009613301
0;121.845;121.8654666666667;49.83119120273118;96697.4412370146
0;120.632;121.1267;35.1161463730509;97479.0812370146
1;121.154;120.9796333333333;50.00690399169992;97077.0012370146
0;120.994;121.0620333333334;45.04007503182662;96945.5912370146
1;120.913;120.8924333333333;50.03616364950733;97055.63123701459
0;120.867;120.8874;46.26969223870532;97025.93237789618
1;121.045;120.9470666666667;53.78429744959766;96878.05237789618
1;121.803;121.4764333333333;65.5619902674926;97341.12351877776
1;121.899;121.6628666666667;64.12169088937711;97169.24351877776
0;121.749;121.8223666666667;49.98338893688369;97066.59351877776
1;122.039;121.8807333333333;60.11512421347831;96833.05351877777
0;121.623;121.8656666666666;42.59210863691658;96494.31351877777
1;122.31;121.8986333333333;67.83065157678229;95933.44351877777
0;122.221;122.2656666666667;49.98056661000558;95902.67694142254
1;122.604;122.4637666666667;60.09354365256379;95591.10694142253
0;122.534;122.5915;49.35168906667725;95537.35808230413
1;122.826;122.6249;60.83484553989265;95308.55808230412
0;122.332;122.6238;44.83921506256241;94912.12808230413
0;121.133;121.4214333333334;38.29439292843355;95372.00808230414
1;121.245;121.2209;50.00302873182704;95290.74661051633
0;121.08;121.1817333333333;42.45034884350981;95153.64661051633
1;121.061;121.0260333333333;50.05015585851867;95201.57661051632
0;120.989;121.0097;46.47722697138136;95155.38775139791
1;121.032;120.9618;53.87676830120053;95119.0377513979
0;120.833;120.9402333333333;40.02695483508725;94956.0077513979
1;121.01;120.9149333333333;55.32161110406405;94798.57333603449
0;120.822;120.8893333333333;41.44451399546981;94642.1433360345
0;120.263;120.4714;32.73400237895699;94920.18333603449
1;120.472;120.3721333333334;50.08851718213035;94753.36039245887
0;120.372;120.4611666666667;43.98367582271523;94671.12039245886
1;120.388;120.3332666666667;51.34283949367256;94651.62892067105
0;120.381;120.4022666666667;47.91319913540217;94650.79892067105
1;120.507;120.4175;57.26922595931988;94547.06892067105
0;120.413;120.4577333333333;46.62413757943293;94471.58006155264
1;120.564;120.4660333333333;59.61973053907394;94347.16006155264
0;120.481;120.5281333333333;46.89698510565724;94282.66348419742
1;120.451;120.4232666666667;50.20545066589249;94316.70348419741
0;120.332;120.4092666666667;39.95741066297005;94216.98348419741
1;120.378;120.3441333333333;50.02785258189175;94182.15054062179
0;120.029;120.3219333333333;34.6086110585403;93893.06054062179
1;119.449;119.2143666666667;50.01039307224904;94646.01054062179
0;119.178;119.2496333333333;43.05143893246388;94422.04168150338
1;119.541;119.2684666666667;53.7813686060613;94120.05168150338
0;119.261;119.4186;44.95691797128725;93886.11168150337
1;119.134;119.0266666666667;50.02649633152085;94028.53020971557
0;118.84;119.0219;40.06566557615359;93781.98020971556
1;118.691;118.5813333333333;50.36528390371622;93908.36020971557
0;118.347;118.5257;41.37486166519088;93621.21363236033
1;118.078;117.9081333333334;51.75240502586446;93849.87363236034
0;117.479;117.7953333333333;37.47014846198096;93340.85363236033
1;118.144;117.7288666666666;58.77704033997696;92779.34216057253
0;117.922;118.274;42.79322499161697;92592.78216057253
1;117.481;117.3181666666667;50.04664218364024;93007.24068878473
0;117.347;117.5001;43.72143845128896;92892.20068878474
1;117.785;117.6051333333333;55.46173296666817;92514.11921699693
0;117.406;117.5590666666667;44.69449814103143;92193.01921699692
1;117.871;117.6206;58.06337072702888;91800.20921699693
0;117.448;117.6477;43.12831497515021;91440.90921699692
1;118.012;117.7536333333333;60.2189097447086;90959.30774520911
0;118.044;118.2064;48.18167512327105;90988.10774520911
0;117.306;117.7417333333334;33.8310091027505;91369.18332984569
1;117.733;117.6878333333334;50.0120198121938;91087.8133298457
0;117.596;117.6328;45.2748975113966;90973.01332984569
1;118.077;117.6913;57.38529505236024;90566.49332984569
0;117.825;118.0155333333333;45.04319072037409;90355.20447072727
1;117.159;116.9870666666666;50.02138092063844;91028.49447072727
0;117.012;117.0322;45.25583192475135;90938.79447072727
1;117.367;117.0569333333333;54.9406213441324;90638.02447072726
0;117.697;117.7442333333333;49.99175835151927;91084.24561160886
1;116.763;116.5657666666666;50.0092162888822;91937.52413982105
0;116.871;116.8911333333333;46.97442114232349;92064.21756246583
1;117.102;117.0337333333334;53.13883727246163;91867.80756246582
0;117.905;118.0024;49.98457914713132;92747.32870334742
1;118.328;118.0209333333333;61.02234556643455;92390.68870334742
1;118.867;118.5563;64.08123237154715;92506.38984422901
0;118.468;118.6902333333333;46.74592373323478;92171.27984422901
1;118.647;118.5592666666666;54.9692443009476;92022.09984422901
0;118.242;118.4341;39.95386562881366;91682.1709851106
1;118.19;118.1427;50.01711083979816;91747.3309851106
0;118.377;118.4067333333333;49.95660876069836;91923.06212599219
1;118.396;118.3742666666667;52.76116085179382;91927.28212599219
0;118.078;118.3364333333333;41.79484279943864;91658.82212599218
1;118.453;118.2809666666667;56.69559210576426;91343.08212599218
0;118.532;118.5535333333334;49.37324368742566;91451.87212599217
1;118.824;118.7047;57.02891762399229;91205.29212599217
0;118.591;118.7655;43.4817670189272;91009.66212599217
1;118.952;118.7914333333334;58.86513406358522;90701.64065420436
0;118.573;118.7790333333333;41.84130156516708;90383.70065420435
1;118.986;118.7673;58.2392458688747;90043.30065420436
0;118.514;118.7498;42.34331680678736;89651.81065420435
1;119.389;118.7783;68.10257719311008;88936.38065420436
1;119.364;118.7774666666667;67.63764068281171;88893.64065420436
0;121.057;121.2127666666666;49.9927812195621;90204.11065420436
1;121.326;121.2414333333333;57.64928261146049;89983.22065420436
0;120.971;121.2442333333333;43.35783693107226;89690.59065420435
1;120.828;120.7649;50.03897092290548;89856.62918241654
0;120.418;120.6985333333333;36.18713860912501;89516.97918241654
1;119.971;119.8160666666667;50.05117032876684;90132.45771062873
0;119.524;119.7500333333333;37.42899506583972;89759.31771062873
0;117.586;117.8877333333333;37.12127499417937;90968.67329526531
0;116.588;116.8387;35.49366606314791;91471.8918234775
1;116.985;116.8064;50.00677133611295;91146.16182347751
0;116.611;116.8069333333333;37.86762784494282;90832.32182347751
1;117.005;116.8194;52.60597577930776;90499.84182347752
1;117.011;116.8196;52.79592435229625;90475.90182347751
1;117;116.8192333333334;52.44651361501534;90446.83182347751
0;116.792;116.8129666666667;45.55926259293943;90427.1718234775
1;117.006;116.8194333333334;52.63773996345235;90248.5418234775
1;117.001;116.8192666666667;52.47849183449365;90223.75182347751
1;117;116.8192333333334;52.44651361501534;90203.2318234775
1;116.999;116.8192;52.41449232892707;90182.7118234775
1;116.999;116.8192;52.41449232892707;90163.9018234775
1;116.999;116.8192;52.41449232892707;90145.0918234775
1;116.999;116.8192;52.41449232892707;90126.2818234775
1;117;116.8192333333334;52.44651361501534;90106.6218234775
0;116.835;117.1145666666667;40.19065638249907;89967.99296435909
1;115.449;115.2210333333333;50.01252585408343;91661.74149257128
0;114.76;115.0985333333333;38.86112886240295;91062.23149257129
1;115.174;114.9797333333333;51.36944364090601;90703.64149257129
0;114.428;114.9227666666666;38.6418562931276;90055.20263345288
1;115.054;114.7982666666667;54.36197218846856;89511.97263345288
0;114.523;114.7405666666667;42.70832652406537;89050.06263345288
1;112.765;112.5375;50.07980891225346;91475.95821808945
0;111.663;112.2975333333333;40.60780906903336;90492.60935897104
1;113.017;112.4616333333333;58.94035050118228;89295.42935897104
1;114.038;113.7543333333333;63.7150675374748;89985.22049985263
1;114.709;114.4103;64.46029760945368;90403.50164073422
0;114.462;114.6210333333333;49.98468292527841;90220.09164073422
1;114.078;113.9914;50.04372556482393;90635.04164073421
0;113.898;113.9694333333334;44.32006915963925;90480.5027816158
1;114.042;113.9087666666667;53.21970404562268;90355.1127816158
0;113.984;114.0203;47.40859064149886;90306.8627816158
1;114.01;113.9499;51.44554886644735;90268.81836625238
0;113.636;113.8837666666667;41.06820746859467;89940.57836625238
0;112.854;113.0271;39.98379943075471;90452.67689446457
1;113.177;112.9635666666667;51.7324236048068;90169.92689446457
0;112.764;112.9205;40.73465848233601;89802.78689446457
1;112.79;112.6991333333333;50.07622548566857;89776.13542267677
0;112.935;113.0048333333333;47.9709713544098;89905.41542267677
0;111.855;112.2664;34.16968803248784;90627.84395088896
1;112.364;112.2289;50.05206526675652;90367.47395088896
0;111.968;112.0753;41.57224323614043;90016.43509177055
1;112.19;111.9811333333333;55.45637555269131;89819.44509177054
0;111.727;111.9222666666667;40.86508410801653;89404.14509177054
1;111.732;111.6980333333333;50.00822365012514;89408.62509177053
0;112.002;112.0235;48.32682627388692;89830.06851441531
1;112.479;112.2152;60.22989611547384;89406.87851441531
0;112.682;112.7900666666666;49.98078422545801;89707.33965529689
1;112.987;112.8661333333333;57.85914602037792;89438.27965529689
0;113.487;113.6007666666667;49.92801816144815;90025.14079617849
1;113.185;113.1648666666667;50.0950406214344;90368.20079617848
0;112.809;113.1181333333333;40.01364463536536;90036.67079617849
1;112.692;112.6033666666667;50.01794826532044;90186.66932439068
1;114.096;113.9545;61.2815455839709;91289.80046527227
0;113.981;114.1315;47.88796027871739;91191.54046527228
1;113.816;113.7956;51.78836324791943;91338.87604990885
0;113.872;113.8921333333333;48.81632858993018;91405.60604990885
1;113.746;113.7251;50.34014696943829;91564.80604990885
0;113.393;113.6526666666667;37.1078435921893;91257.03604990884
1;113.749;113.5814;52.66469367745317;90945.81604990884
0;113.615;113.6919;46.06589333915159;90830.51604990884
1;114.022;113.7560666666667;57.68081311436966;90474.44604990883
0;113.643;113.8242333333333;45.64336003311973;90143.56719079042
0;113.223;113.4762;38.85328983440067;90307.43571900261
1;113.153;113.0592333333333;50.0159145729273;90426.81571900261
0;112.762;112.9757;38.4711281393712;90080.95571900261
1;112.737;112.6088;50.05657306274814;90098.6442472148
0;112.428;112.5813333333333;38.39272662377831;89824.69424721481
1;112.682;112.5381333333333;53.1649843240459;89601.05424721481
0;113.357;113.4893666666667;49.90547141819398;90436.19766985958
1;113.686;113.5293666666667;61.24499318032663;90149.43766985959
0;113.499;113.6681333333333;48.85527329221087;89983.79766985959
1;113.312;113.2605;50.78109750348814;90145.22619807177
0;113.477;113.551;48.08234649047332;90291.50619807177
1;113.836;113.6755666666666;57.33447833289878;89977.89619807177
0;113.693;113.7791666666667;48.0069125490289;89852.97733895337
1;113.781;113.7564;52.48358812462896;89774.75733895336
0;113.663;113.7428333333333;45.09575207639027;89674.44847983496
1;113.952;113.7516;57.99857785202951;89423.45847983495
0;113.662;113.7452666666667;45.31150065238963;89167.43847983495
1;114.049;113.7630666666667;62.26665532213106;88834.22847983494
0;113.54;113.7467666666667;40.04497438570296;88403.61847983494
0;113.541;113.7468;40.08194119231468;88354.31847983494
1;113.189;113.0425666666667;50.00431940657165;88810.85847983493
1;113.573;113.2516666666667;61.29741715687914;88981.05962071652
0;113.529;113.5817;49.89865684974747;88971.36962071652
0;111.158;111.3679333333334;38.62903232698503;90613.6052053531
1;111.566;111.3262333333333;54.03157939432152;90248.7952053531
0;111.377;111.4651;46.64044556097152;90082.63634623469
1;111.662;111.4454666666667;58.76955887730574;89828.2963462347
0;111.833;111.8877666666667;49.96488795727527;90049.85748711629
1;111.837;111.8167333333333;51.78886386028401;90051.64748711628
1;112.5;112.3307;61.91607134111266;90454.14862799787
0;112.509;112.5773666666667;49.95270377116184;90530.53862799787
1;112.695;112.5629666666667;59.69132184293872;90352.03421263445
0;112.626;112.6567666666667;48.11353514687179;90291.65421263444
1;112.79;112.7014;55.87232387360913;90147.13421263444
0;112.912;112.939;49.97054192468796;90317.92535351602
1;113.171;113.0616333333333;59.59684562705593;90088.18535351602
0;113.409;113.5074;49.99077042586764;90383.30649439761
1;113.426;113.4053666666667;53.49896953917706;90375.3664943976
0;113.244;113.3672666666667;41.53133575723286;90217.2776352792
1;113.497;113.3694;57.02558199044358;89995.2476352792
0;113.516;113.5566333333333;48.9401062839975;90012.8676352792
0;112.406;112.7324666666667;31.46069775075227;90733.32616349139
1;112.574;112.4388;50.01340441798467;90672.86616349139
0;112.259;112.4525666666666;38.60600552153981;90398.37958613616
1;112.426;112.3536666666667;51.35863677983011;90250.72958613616
0;112.363;112.4415333333334;44.63415985027538;90195.51072701775
1;112.41;112.3892333333333;51.92830538349366;90169.71072701775
0;112.127;112.3102;41.13674716942712;89918.21072701775
1;112.424;112.2716333333333;54.04145415441212;89656.69072701775
0;111.962;112.2569;35.14733494856758;89261.09072701774
0;111.963;112.2569333333333;35.17977233830251;89221.81072701774
0;111.963;112.2569333333333;35.17977233830251;89183.42072701774
0;111.963;112.2569333333333;35.17977233830251;89145.92072701774
0;111.983;112.2416333333333;37.27499776342886;89108.42072701774
1;112.423;112.2247;55.2851738482731;88717.93072701774
0;111.888;112.1971666666667;39.00438070209999;88240.67072701774
0;111.317;111.6764666666666;33.46620863761518;88518.52925522994
1;111.683;111.5536666666667;50.03131986255264;88286.39925522993
0;111.435;111.5452666666666;40.764791552505;88064.74925522994
0;110.782;111.1103666666667;31.19487402159398;88413.29778344213
0;110.3;110.6115;36.00989272390774;88438.57778344213
1;110.658;110.3970333333333;54.77893903813265;88108.78631165433
0;110.083;110.375;38.63974926898349;87588.27631165434
0;109.345;109.7975333333333;28.20128301602671;87826.25189629091
1;108.51;108.2427666666667;50.02010555226531;88972.35189629091
1;108.995;108.5399666666667;59.36007901723232;89139.80189629091
0;108.621;108.6422;48.34130546838331;88811.19189629091
0;107.955;108.3862333333333;36.49679469404649;89074.4404245031
1;108.138;108.0404;50.02898789368327;88977.27042450311
0;107.944;108.0059666666667;44.42671026583668;88796.62042450311
1;108.248;108.0287;57.77469119091256;88512.2589527153
1;108.719;108.5191666666667;60.97580326132255;88788.63895271531
1;109.37;109.0560333333334;64.66689559189477;89188.9789527153
0;109.294;109.3574333333333;49.93682983446638;89177.74237536007
1;109.461;109.3476666666667;58.1745238832965;89026.09237536008
0;109.059;109.3377666666667;40.92235551781687;88659.32237536008
1;109.352;109.242;54.34134667170374;88392.29237536008
0;109.341;109.4475666666667;45.40428263969606;88384.88351624167
1;108.375;108.2337666666667;50.01316461411221;89533.14204445385
1;108.994;108.7069333333333;62.26749997187828;89890.70318533544
0;108.856;108.9427666666667;49.48502059042828;89764.85318533544
1;109.215;108.9677;63.63654902044966;89437.05318533543
0;109.106;109.1705;49.99494773232097;89370.16318533543
1;109.078;109.0513;51.42941795036814;89389.54171354763
1;109.853;109.6656666666667;61.57721363626026;90005.2551361924
0;109.581;109.7336;49.01391528761857;89757.9551361924
1;109.496;109.4425333333333;50.01027269828844;89833.86366440459
0;111.146;111.441;49.97362957212111;91783.29480528618
0;111.033;111.3896666666667;46.19609651947652;91609.05480528617
1;111.259;111.1453333333333;53.43851010458923;91406.82480528617
0;110.961;111.1326333333334;42.76235886469989;91140.90594616777
1;111.045;110.9770333333333;52.1283370391621;91064.36594616777
0;111.177;111.1982333333333;49.12783093791974;91248.58708704937
1;111.26;111.2162;53.44180667425557;91174.88708704937
0;111.101;111.1861;45.71123963006691;91032.67708704936
1;111.391;111.2075;57.99738349923577;90771.43708704936
0;111.096;111.2123666666667;44.32992907480639;90511.31708704936
1;111.431;111.2228666666667;59.96507084983738;90213.36708704937
0;111.312;111.4290666666667;46.02087382860888;90117.98050969414
0;106.969;107.2185333333333;34.98741444560808;93929.05903790634
1;106.742;106.5324333333333;50.00302006616452;94269.83756611853
0;106.39;106.4947333333333;43.66367622109802;93942.60870700012
1;106.077;105.9771333333333;50.07204250762092;94359.79870700013
1;107.343;106.5689;69.0817481066839;94915.59984788172
0;106.641;106.8919666666667;46.93079993622248;94261.08984788173
1;107.204;106.9154;58.86422647107788;93736.84984788172
0;106.825;107.1168666666667;41.72601654189376;93388.22327052649
1;107.386;107.1453;57.15442413473635;92866.73327052649
0;106.994;107.2167666666667;41.62153291070603;92503.03441140808
1;106.929;106.8867333333334;50.01388750604332;92609.69441140808
1;107.715;107.3217666666667;64.25100007892965;93058.32555228968
1;108.573;108.3658;65.06829734490734;93621.44555228968
1;109.269;108.9480333333333;66.14315832994822;94034.20555228967
0;109.073;109.2026666666666;49.99271157524646;93894.80669317127
0;108.374;108.5373666666667;39.13347139714507;94404.95227780784
1;108.577;108.5167;50.01917702898774;94279.62227780784
0;108.819;108.849;48.34108713198503;94699.67227780784
1;109.076;109.0286;54.54806822905931;94459.60080602003
0;108.704;108.9217666666666;41.13728592228885;94116.46080602003
1;108.998;108.8299666666667;55.88313277767758;93849.48080602003
0;108.669;108.8703333333333;42.13266161928149;93547.65080602003
1;108.848;108.7346;51.41442616146427;93378.74933423223
0;108.922;108.9424333333333;49.26529759989603;93469.53047511382
1;109.085;108.9878333333333;56.88115328909871;93322.85047511382
0;109.189;109.2100666666667;49.16749237985375;93486.67047511383
1;109.232;109.1851333333333;54.30920504004522;93444.67900332602
0;108.843;109.1336333333333;37.90839217090519;93088.20900332602
1;109.236;109.0889666666667;54.78506950551469;92730.25900332602
1;110.272;109.8654333333333;66.80260304806913;93490.47242597079
1;110.268;110.0132;65.61058117779652;93297.85242597079
0;109.961;110.1189;49.65839372793287;93017.75242597079
1;109.994;109.9735;51.68162998553646;92997.75242597079
0;110.267;110.3008333333333;49.97225773239719;93395.21356685237
0;109.352;109.5588666666667;35.92723204739127;94056.28209506457
1;109.457;109.3280333333333;50.73227230446166;93954.07062327676
1;110.138;109.893;67.81953752369687;94396.05176415834
0;109.915;110.0095666666667;49.90395011347919;94223.24176415835
1;110.177;110.0252666666667;59.25339597482521;93986.35176415835
0;110.127;110.1557666666667;49.96804559017672;93961.84176415835
1;110.004;109.9333;52.26454876730925;94056.62734879492
0;109.617;109.8363333333334;39.57761856172162;93702.66734879492
1;109.898;109.7712;54.50103011704311;93442.51587700711
0;109.602;109.7627666666667;38.86135079058513;93173.36587700712
1;109.92;109.7589;59.56826811156716;92883.15587700711
0;111.02;111.1211;49.96407212875656;94049.3070178887
1;111.126;111.0796333333333;55.89977481033733;93954.81701788869
0;110.928;111.0931666666666;43.86748057562322;93777.2270178887
0;110.499;110.8298;34.50056570468432;93914.49554610089
1;110.831;110.7910666666667;50.06318810656495;93661.7355461009
0;110.44;110.6741333333333;36.11318995327127;93308.60554610089
0;109.104;109.4243;32.69757065993646;94082.38554610089
1;108.949;108.8219666666667;50.00284782305427;94261.58407431308
0;108.641;108.8133333333333;38.39973540226832;93979.00407431308
1;107.168;106.7658;50.01902606319851;95650.76260252527
0;107.085;107.1052;47.15486222932758;95587.27260252526
1;107.534;107.1608;59.00607229675541;95170.65260252527
0;107.6;107.6593;49.97113964370106;95243.94374340685
0;107.152;107.4062333333333;38.42615076479786;95434.12227161904
1;107.187;107.1136666666667;50.00161174568768;95411.73227161904
0;106.785;107.026;38.10640142181729;95036.21227161904
1;107.018;106.9338;51.10873598541691;94819.42227161904
0;106.674;106.8648666666666;38.51397351910312;94501.22569426382
1;106.63;106.5423666666667;50.02390719433647;94584.72569426382
0;106.931;106.9948;49.98777202574041;94918.28683514541
1;107.05;106.9590666666666;55.38036745406748;94808.98683514541
0;106.718;106.9178;42.93388979604922;94498.8268351454
1;106.269;106.1156666666667;50.11801819291493;94949.05536335759
0;106.1;106.1271666666667;45.77437516244324;94792.45650423918
1;106.034;105.9542;51.10255609043133;94857.53650423918
0;106.168;106.1883333333333;49.62601259266455;95068.20764512077
1;106.109;106.0886;51.84408157264328;95236.14764512077
0;105.626;105.9542666666666;37.82374007291094;94785.05106776554
1;104.6;104.2352666666667;50.02826814796887;95885.78106776554
0;104.226;104.3453;42.96889729407494;95531.57220864712
1;104.549;104.2418333333333;58.66868784669031;95258.27073685931
0;104.498;104.5187;49.32468920130761;95269.75073685931
1;104.167;104.1214;50.03553855091965;95794.45926507151
0;104.595;104.6723;49.94419783102853;96350.06926507151
0;104.354;104.6268333333333;42.49801025261511;96342.41926507151
1;104.601;104.5753666666667;52.52057587899583;96107.23926507152
0;104.439;104.522;43.94965506005982;95953.07926507152
1;104.758;104.5143;59.21213720657582;95621.0348497081
0;104.517;104.5964666666667;45.61264101513898;95395.24484970811
1;104.938;104.6061;60.45349712675159;94995.0048497081
0;105.582;105.737;49.91303834936415;95753.33599058969
1;102.193;102.0070333333333;50.01142566537272;98967.27451880189
0;102.491;102.5933333333333;49.98849374325344;99296.52680056507
1;102.594;102.4992333333333;55.64863465064375;99198.07680056508
0;102.52;102.5409;48.05196505785167;99161.02680056507
1;102.815;102.5805;57.96777766327912;98877.98680056508
0;102.629;102.7335666666667;47.8325485169354;98702.95022320985
1;102.875;102.7600333333333;56.06006240361579;98464.79022320984
0;102.543;102.7249;43.68141093509834;98142.98022320984
1;102.977;102.7370333333333;57.01443018436225;97722.49022320984
0;102.832;103.0083333333333;44.23278447782617;97586.14136409143
1;102.668;102.5750666666667;50.32429376679904;97787.85136409143
0;102.467;102.5661333333333;42.38981302795316;97593.64136409143
1;102.68;102.5662;51.93710894251999;97387.17136409142
0;102.587;102.6371;45.75534349836819;97297.49136409143
0;101.648;102.0212;32.52384518154874;98074.10989230362
0;101.489;101.6432333333334;36.64929648984204;97987.60989230362
1;100.994;100.8112333333333;50.01375727115886;98535.47989230361
0;100.873;101.0717666666667;44.10529469182105;98421.74331494838
1;101.167;100.987;53.73722913920229;98130.15331494839
0;100.653;100.9391666666667;40.32552977433669;97621.48331494839
1;100.731;100.6625666666666;50.87972359059902;97540.66184316057
0;100.257;100.6019333333333;36.0773586695983;97071.88184316058
1;100.765;100.6011666666666;53.35406368059409;96575.64184316057
0;100.219;100.5832333333333;41.07746601104577;96034.85184316058
1;100.968;100.6328333333333;59.76582529179952;95286.68037137277
1;102.839;102.6403666666667;67.2903864589407;97039.94151225436
0;104.274;104.5888;49.98914635708931;98860.53151225435
1;104.506;104.4851333333333;54.44543994706325;98649.99151225436
0;104.233;104.4328666666666;46.55585003989693;98389.04151225436
1;104.532;104.396;54.26673873967909;98107.77151225436
0;105.268;105.5028666666667;49.94525140516325;98838.56493489913
1;105.74;105.4483333333333;61.45047478513244;98393.12493489913
0;105.703;105.8563;49.45409806545418;98357.17493489913
1;105.75;105.6681;52.50768239106898;98312.08346311132
0;105.678;105.9727333333333;42.20825283512452;98247.58460399292
1;106.176;106.0172;55.8483818649617;97779.48460399291
0;106.007;106.0655;47.55330965505478;97621.95460399291
1;106.127;106.0572;52.26351649000695;97504.4531322051
0;106.907;107.0071333333333;49.97133513754273;98493.98655484988
1;106.232;106.0876666666666;50.04497217270173;99005.44655484988
0;105.744;105.9899666666667;40.74464170159609;98544.90655484989
1;106.055;105.8465;51.20180109438229;98253.54655484989
0;105.836;105.9521;44.99779672739353;98048.51655484989
1;106.293;105.9865;55.19452097742784;97619.5065548499
0;106.197;106.2716666666667;48.14870274479809;97531.78769573149
1;104.809;104.5062333333333;50.02544500276816;99307.14622394368
1;104.946;104.5953;57.21334034679301;99103.50622394368
0;105.463;105.5909;49.97317320023673;99493.60622394369
1;104.917;104.7982;50.00239956017783;100138.9418085803
0;104.932;104.9615333333333;46.0483661933896;100322.4029494618
1;105.139;104.8733666666667;54.91199828700192;100142.6129494619
0;103.3;104.8127333333333;29.29637719827637;98392.89294946185
0;103.292;104.8124666666667;29.23204492896507;98318.41294946185
0;103.319;104.8133666666667;29.45030714402088;98250.69294946185
0;103.32;104.8134;29.45845354046055;98208.12294946185
0;103.34;104.769;29.55569955100961;98165.55294946184
0;102.236;102.3468333333333;39.37502441531;98934.47147767403
1;102.445;102.3231666666667;51.08874698997283;98726.06000588622
0;102.352;102.393;46.66064791662139;98634.22000588622
1;101.315;101.0685333333333;50.06522475227445;100029.7085340984
0;100.904;101.0078;36.02726878345478;99623.38853409841
1;101.281;101.0010333333334;51.84549336683427;99252.13853409841
0;101.212;101.2328666666667;48.94602338282284;99205.99195674318
1;101.476;101.2345666666667;59.34061942120633;98944.85195674318
0;101.065;101.2787;42.49899195968034;98539.17195674319
1;101.319;101.1263;59.29099322014526;98282.12048495538
0;102.338;102.4541666666667;49.98159075977244;99444.73162583697
1;102.482;102.4239333333333;56.54382323632484;99305.19162583697
0;102.29;102.3953333333333;45.62347300728343;99116.51162583698
0;101.789;101.9688;35.31044215238406;99446.61015404918
0;101.007;101.2773666666667;33.68803269446204;99898.59015404918
1;101.368;101.2388;53.18710140099193;99544.43015404917
1;102.211;102.0096333333333;64.1282629885462;100184.2912949308
0;101.94;102.0269666666667;49.95783785272281;99951.88129493076
1;101.221;101.1804666666667;50.03587265497385;100679.729823143
0;101.044;101.1511;42.15930158593136;100508.2809640246
1;100.501;100.4042333333334;50.00707252148557;101312.3709640246
0;100.161;100.2060666666667;43.34585030921512;100973.6521049061
1;100.546;100.2159333333333;55.01675193239667;100591.7321049061
0;100.616;100.6366666666667;49.78901717887513;100691.0921049061
1;100.198;100.1104333333333;50.02101068616164;101280.9176895427
0;100.019;100.1244;44.44147930865034;101100.9476895427
1;100.294;100.1116;57.54855722936439;100823.3662177549
0;100.054;100.1336666666667;45.15985367963373;100584.4962177549
1;100.723;100.2057;67.12164510902031;99936.62474596711
0;100.577;100.6541333333333;49.97682133778366;99819.33474596712
0;100.22;100.3597666666667;41.33842571490752;100023.1932741793
1;100.382;100.2906666666667;51.04686345025969;99862.80327417931
0;100.055;100.2485666666667;40.10858407647196;99537.99327417932
1;100.263;100.1496666666667;52.93896721039771;99331.53327417931
0;100.259;100.2792333333334;48.79977959063859;99332.27441506091
1;100.418;100.2979666666667;57.59848887400655;99175.9244150609
0;100.367;100.4539333333333;45.96686968736382;99131.32783770567
1;100.573;100.4417333333333;58.60651913848214;98927.49783770567
0;100.392;100.5052;42.59679747266642;98747.94897858726
1;100.572;100.4382;56.39332130968547;98571.94897858726
0;100.167;100.4253666666667;33.0211251384525;98190.66897858726
0;100.17;100.4254666666667;33.14797263966625;98143.76897858726
0;100.17;100.4254666666667;33.14797263966625;98101.85897858726
0;100.17;100.4254666666667;33.14797263966625;98058.94897858726
0;100.17;100.4254666666667;33.14797263966625;98017.03897858725
0;100.169;100.4254333333333;33.10558199494314;97975.12897858725
0;100.162;100.4252;32.81185633282334;97932.21897858725
0;100.17;100.4254666666667;33.14797263966625;97882.32897858725
0;100.169;100.4254333333333;33.10558199494314;97840.41897858724
1;100.914;100.4527666666666;66.67669832807073;97103.14897858724
0;102.021;102.2059;49.94656438813093;98334.21011946883
1;102.071;102.0502;54.1077358064612;98367.07864768102
1;103.093;102.8271;67.2084567383383;99228.59864768102
0;103.269;103.3522666666667;49.93901164211842;99392.25864768102
1;103.332;103.3096666666667;54.33428440318373;99332.25864768102
0;103.422;103.4438333333333;48.09101895053915;99493.60864768103
1;103.482;103.2903333333333;56.47343187263824;99431.21717589322
0;103.275;103.4004;43.38232517288291;99235.63717589322
1;103.706;103.4234333333334;58.86589220028785;98821.95717589323
0;103.596;103.9164;43.93724621605173;98720.41831677481
1;103.47;103.3593;50.57740814435206;98835.85684498701
0;103.418;103.4859;46.03775579167721;98787.506844987
1;101.761;101.4986333333333;50.0426569486886;100702.9153731992
1;101.859;101.6668333333333;55.76952312949456;100616.668795844
0;101.655;101.6758333333334;45.65427717667374;100415.008795844
1;101.67;101.6403333333333;50.04355641401422;100405.168795844
0;102.117;102.1520333333333;49.99690983262465;101015.9399367256
1;102.258;102.2371;55.12939295854191;100888.7999367256
0;102.53;102.6109333333333;49.76392491433047;101285.2399367256
0;101.608;101.8789666666667;34.66708450883016;101778.2499367256
1;101.918;101.8035666666667;50.90962382145029;101475.0599367256
1;102.761;102.3859333333333;65.5500865401871;102017.4410776072
0;102.747;102.8425;49.98012152349229;102103.9710776072
1;102.602;102.5344666666667;51.46057412345172;102230.1566622437
0;102.263;102.5032666666667;40.81567386969387;101897.6766622437
1;102.441;102.3453666666666;50.61254163508121;101724.8966622437
0;102.049;102.3200333333333;39.34997819632091;101342.7366622437
1;102.562;102.3383;54.83984837247574;100844.4966622437
0;102.093;102.3389666666667;41.53974923476486;100386.0966622437
1;102.262;101.9849;56.84693151155252;100216.4351904559
0;102.179;102.2008666666666;48.77170577630191;100152.6163313375
1;101.904;101.8274333333333;50.07181912725796;100513.0863313375
0;101.82;101.8410333333334;45.73144462475699;100467.6974722191
1;101.914;101.8277333333333;53.52717497033916;100376.4474722191
0;101.612;101.8068666666667;39.37587544797839;100080.2274722191
1;101.809;101.7003666666666;53.23642389795898;99884.29600043131
0;101.163;101.6833333333333;35.73003870113929;99262.6360004313
1;102.03;101.7115666666667;60.81097978285335;98417.7460004313
1;102.114;101.7143666666667;63.13982821261409;98388.3360004313
1;102.025;101.7114;60.66304328093806;98278.5360004313
0;101.324;101.8491333333333;38.00928042037289;97587.68600043129
1;100.61;100.3980333333334;50.01691493225807;98474.80158506786
0;100.745;100.7686666666667;49.96608524936366;98632.59158506786
1;100.928;100.7741;57.47712701217227;98453.25158506786
0;100.832;100.9246666666667;46.9546389648341;98359.03158506786
1;101.09;100.9598;56.42923847559417;98104.80158506786
0;100.849;100.9443;44.91419526700407;97869.56272594945
1;101.072;100.9489333333333;55.77376471945531;97649.91272594946
0;100.731;100.9268;42.58161063987393;97312.38272594946
0;100.251;100.3572;37.39330716556111;97669.68125416165
1;100.478;100.3641;50.17316165391871;97507.35125416165
0;100.34;100.3601666666667;42.0064123001905;97419.69125416165
0;100.34;100.3601666666667;42.0064123001905;97346.99125416165
1;100.464;100.3532666666667;50.06024488921688;97275.29125416165
0;100.474;100.5064666666667;45.67963812809531;97288.23125416166
1;100.44;100.4180666666667;50.00525792471964;97346.99125416165
0;100.565;100.5854666666666;49.47571119844227;97563.32239504324
1;100.701;100.6302333333333;54.57433261324574;97429.26239504325
1;101.715;101.3532333333333;69.19347888168301;98168.86581768801
0;101.34;101.4876;49.98248145189667;97872.06581768801
1;101.404;101.2191333333333;56.12634354564137;97806.5343459002
0;100.886;101.1355;41.83113670169498;97295.0743459002
1;101.452;101.1601666666666;58.18905294626453;96736.19434590019
0;101.328;101.3873333333333;49.30998125465933;96616.54548678179
1;101.533;101.3846666666667;58.1486467152147;96415.62548678179
1;102.4;101.8666;69.172475022703;96906.42662766339
1;102.913;102.8263666666666;58.71269020619968;97300.17776854498
1;103.175;102.9125666666667;61.48917004865764;97254.48776854498
1;103.747;103.52;62.91585658499304;97577.57119118975
0;103.823;103.8963666666666;49.80735106906286;97801.65119118975
1;103.913;103.8926666666667;54.91156839072489;97754.48119118976
0;103.619;103.8046333333333;40.04181343642207;97471.72119118976
1;103.151;103.0303;50.02868340598783;98027.28971940196
1;103.741;103.5821;61.65607325472675;98487.58971940196
0;103.716;103.7845333333334;49.9534120957583;98527.09971940196
1;103.564;103.5200666666667;50.02920573979959;98725.14971940196
0;103.456;103.4824333333333;46.77384947010002;98621.72971940196
1;103.678;103.5244333333333;54.71031344587147;98406.63971940197
0;104.103;104.211;49.98433220318971;98994.87314204674
1;103.752;103.6979333333333;50.00648274742036;99356.83167025894
0;104.094;104.136;49.99592745169089;99736.10167025894
1;104.334;104.1982666666667;58.14252105840303;99499.74019847113
0;104.014;104.1456333333333;44.94301569188946;99193.05019847113
1;103.929;103.8677;50.05660424304138;99284.87872668332
0;103.816;103.8893;42.4229935601532;99175.06872668333
1;104.132;103.9169;59.76502860599646;98872.56872668333
0;103.835;103.9332333333333;43.97083711549441;98587.50872668333
1;103.509;103.4321666666667;50.01587881954261;99047.52725489553
0;103.578;103.5981333333333;48.67625786687763;99166.6206775403
1;103.8;103.6134333333333;59.63129871456037;98953.71067754029
0;103.954;104.0176666666667;49.96922175116913;99164.07181842189
1;103.916;103.8813666666667;52.76657766748303;99201.60181842188
0;103.732;103.8774666666667;40.24281573420424;99026.93295930348
1;103.994;103.9007333333334;56.85283254100946;98775.95295930348
1;104.497;104.3778666666667;62.50332039624206;99132.22410018508
0;104.459;104.5070666666667;49.94053173556542;99117.86410018508
1;104.379;104.2815333333333;53.53095673567378;99188.17262839727
0;104.048;104.2159666666667;39.23012039277612;98871.01262839726
1;104.362;104.2226666666667;54.59735864224832;98569.18262839726
0;104.431;104.4514666666667;49.77884109560304;98713.15605104204
1;104.638;104.5052666666667;59.32637563830087;98517.23605104204
1;105.272;105.2087;58.97886452928667;99057.12605104204
0;105.151;105.2358666666666;48.1387128170927;98943.00605104204
1;105.502;105.2487;62.33733768493205;98611.25605104204
0;105.061;105.2610333333333;42.93886846384138;98192.45605104204
1;104.969;104.8037;52.35977785760454;98276.63457925423
0;104.9;104.9517;46.21820586284983;98211.81457925422
1;104.984;104.9067;54.55419667092428;98125.48310746641
0;104.789;104.8698333333333;44.95372054114961;97940.35310746641
0;103.835;104.2630333333333;30.07845186484462;98565.9116356786
0;103.064;103.4503666666667;34.51524104218898;99063.39163567859
0;103.308;103.4585;40.5658008430176;98786.6616356786
0;103.308;103.4585;40.5658008430176;98745.0516356786
0;103.328;103.4441333333333;41.41832242991038;98704.4116356786
0;103.13;103.2838333333333;38.51055710535094;98683.1216356786
1;103.101;103.0379333333333;50.02677231732559;98719.0116356786
0;102.89;102.9862;42.46639895844832;98512.9616356786
1;103.216;103.0218333333333;56.56721798796072;98192.71016389079
0;102.926;103.0480333333333;43.75358676333632;97911.93016389079
1;103.964;103.0887;72.20753428010423;96890.04869210298
0;104.379;104.4699666666666;49.99471475689171;97368.67869210299
1;104.483;104.4626333333334;53.73384538706729;97293.04869210298
1;104.846;104.5557333333334;65.45963431715484;97390.57869210298
0;104.793;104.9068666666667;47.28898359970976;97356.05983298457
1;105.247;104.9368;66.19246302104804;96926.58983298457
0;104.367;104.9392;37.80071583137741;96085.33983298457
1;103.515;103.2986;50.02053465514329;97034.20983298456
1;105.692;105.5326666666667;58.92410365211802;98916.30325562933
1;106.945;106.6996666666667;61.40173064799774;99864.60439651093
0;106.449;106.7195333333333;49.99064638777207;99597.40439651093
1;106.753;106.6539666666667;55.19465465783657;99311.70439651093
0;106.276;106.641;45.80391963103762;98863.81439651093
1;106.67;106.4757;54.77703478735857;98495.38439651094
1;108.13;107.6412;71.09528960372437;99490.25553739253
0;107.988;108.1443333333333;49.98805498514479;99416.10667827413
1;108.382;108.1992333333333;58.40452563367921;99054.41667827412
0;107.803;108.1627333333333;44.67443780783491;98518.25667827412
1;108.35;108.1476333333333;56.73842662157332;98014.32667827413
1;109.181;109.0377;58.51591979871565;98546.69781915571
0;109.214;109.2700666666667;49.99519974881419;98675.67781915571
1;109.232;109.2115333333333;52.61089909422848;98669.63340379229
1;110.79;110.2646666666667;69.07834915119918;99844.82454467389
0;110.267;110.4446666666666;49.98378520406902;99612.31454467389
1;110.539;110.4810666666667;55.94997644745945;99367.15454467389
0;110.802;110.8970666666667;49.94455905456639;99555.80568555548
1;111.312;110.9000666666667;60.3458774964494;99098.52568555548
0;110.558;110.8944;42.4122323977037;98417.44568555547
1;111.088;110.8577333333334;57.1828944336359;97936.76421376767
0;110.943;111.0126333333333;48.16679944146382;97809.61535464927
1;111.232;111.0391666666667;58.75180693514245;97550.69535464927
1;112.921;112.6160666666667;66.87748217339573;98642.58877729405
0;113.311;113.4107333333333;49.97160563551481;99063.21991817564
1;113.163;113.1427666666667;50.94832169069439;99269.26991817565
0;112.785;112.9970666666667;43.35088552272104;98945.64105905723
1;112.37;112.2784333333333;50.00333485064302;99493.91105905724
0;112.168;112.2290333333333;45.51319414305902;99315.61105905724
1;112.209;112.1860333333334;51.0063529999593;99274.58958726942
0;112.525;112.5462333333333;49.54815128681695;99707.60958726943
1;112.641;112.5688;54.31319270838753;99598.36811548161
1;114.55;113.8571;72.8795156426991;101049.0015381264
0;113.972;114.2543;49.97135564852098;100824.1415381264
1;114.375;114.2627;57.95114999410381;100472.6615381264
0;114.226;114.2816333333333;49.22765882331354;100343.9715381264
1;114.102;114.0400666666667;51.06869187544912;100448.1500663386
0;113.602;113.9435666666666;38.35528206025;100008.9000663386
1;114.116;113.9137;53.6701233264673;99559.35006633856
0;113.597;113.8947;40.69724773101301;99101.59006633857
1;113.755;113.6722333333333;51.04453278833263;98959.07859455077
0;114.002;114.0225;49.28385899755904;99318.20859455077
1;113.835;113.81;50.241927815035;99460.41712276297
0;113.987;114.0073;49.27530612661676;99641.04826364457
1;114.311;114.0505333333333;60.85449742910925;99358.48826364457
0;114.033;114.1262;46.7719983828471;99113.81826364457
1;113.874;113.8271333333333;50.03070794696592;99292.76384828115
0;113.429;113.7483666666667;37.49545364884705;98901.33384828115
1;113.653;113.5281333333334;51.42059338376108;98706.00384828115
1;115.395;114.9889;64.56327495663734;100041.2049891627
1;115.578;115.3390333333333;61.62522734803655;99942.31498916274
0;115.498;115.6021333333333;49.96211820723749;99945.77498916275
1;115.19;115.1110333333334;50.01538154681865;100235.6535173749
0;115.083;115.1869;44.40974442093105;100143.5435173749
1;115.118;115.0686;50.81973767162667;100108.6320455871
1;118.571;117.776;67.16846276800413;102562.0154682319
0;118.008;118.1563;49.94964231064102;101919.4754682319
1;118.366;118.1646333333333;57.49552892519528;101617.8654682319
0;117.791;118.1532;42.5395908797287;101130.5654682319
0;117.089;117.4346;38.2224578204199;101383.0939964441
1;117.295;117.1600666666667;50.79208187368921;101208.3239964441
0;117.775;117.8637333333333;49.99987807380216;101674.2451373257
1;117.942;117.9214333333333;54.50641754525175;101535.7436655379
0;117.661;117.906;44.30038257462903;101297.7736655379
1;117.551;117.5078333333333;50.04666809852517;101401.5736655379
0;117.407;117.4816333333333;44.66391575015725;101284.9970881826
1;117.779;117.6019;58.56353055196303;100968.3070881826
0;117.412;117.6091;42.22247920833062;100656.5870881826
1;117.139;117.0668;50.04002484366668;100951.684144607
0;117.21;117.2307;48.34687157118389;101063.4252854886
1;117.433;117.3230333333333;60.20884927210817;100874.3752854886
0;117.399;117.4356;49.89978166147512;100835.2264263702
1;117.624;117.4424333333333;62.88243979524236;100644.7864263702
0;117.581;117.6414;48.45853011701952;100609.0664263702
1;116.806;116.6623333333334;50.02666205283298;101491.4020110068
0;116.398;116.5956;38.70613921542706;101141.7420110068
1;116.609;116.5081;51.86952057012532;100956.280539219
0;116.685;116.775;47.08187305137802;101020.560539219
